7 1 366 1138 595 779 -1 -1 -1 0 
8 1 380 1156 608 761 -1 -1 -1 0 
10 1 364 1134 588 782 -1 -1 -1 0 
14 1 348 1158 538 761 -1 -1 -1 0 
15 1 332 1152 666 764 -1 -1 -1 0 
17 1 337 1167 586 752 -1 -1 -1 0 
18 1 323 1166 562 752 -1 -1 -1 0 
25 1 303 1194 741 725 -1 -1 -1 0 
35 1 457 1177 595 740 -1 -1 -1 0 
36 1 463 1168 599 748 -1 -1 -1 0 
37 1 463 1167 586 749 -1 -1 -1 0 
38 1 469 1167 604 750 -1 -1 -1 0 
41 1 470 1159 600 758 -1 -1 -1 0 
42 1 463 1150 611 766 -1 -1 -1 0 
48 1 468 1123 594 793 -1 -1 -1 0 
51 1 471 1142 606 775 -1 -1 -1 0 
52 1 478 1154 591 764 -1 -1 -1 0 
53 1 476 1155 600 763 -1 -1 -1 0 
55 1 472 1159 599 759 -1 -1 -1 0 
59 1 480 1157 594 761 -1 -1 -1 0 
64 1 446 1173 632 744 -1 -1 -1 0 
65 1 460 1144 615 771 -1 -1 -1 0 
66 1 457 1151 610 767 -1 -1 -1 0 
67 1 468 1137 590 782 -1 -1 -1 0 
68 1 454 1144 594 773 -1 -1 -1 0 
70 1 440 1138 617 776 -1 -1 -1 0 
71 1 444 1143 602 773 -1 -1 -1 0 
177 1 442 1143 605 772 -1 -1 -1 0 
236 4 718 407 86 176 -1 -1 -1 0 
238 4 723 426 74 172 -1 -1 -1 0 
241 4 723 441 72 171 -1 -1 -1 0 
272 1 456 1124 619 795 -1 -1 -1 0 
288 1 443 1116 622 803 -1 -1 -1 0 
306 1 383 1147 668 770 -1 -1 -1 0 
311 1 376 1149 673 768 -1 -1 -1 0 
372 1 463 1172 605 746 -1 -1 -1 0 
442 1 371 1150 673 764 -1 -1 -1 0 
443 1 366 1145 663 770 -1 -1 -1 0 
447 1 371 1155 665 760 -1 -1 -1 0 
450 1 369 1158 682 759 -1 -1 -1 0 
455 1 401 1155 628 764 -1 -1 -1 0 
459 1 405 1153 666 762 -1 -1 -1 0 
469 1 419 1153 653 766 -1 -1 -1 0 
474 1 425 1160 652 759 -1 -1 -1 0 
475 1 416 1155 649 761 -1 -1 -1 0 
476 1 423 1157 652 760 -1 -1 -1 0 
477 1 431 1158 646 759 -1 -1 -1 0 
478 1 437 1171 641 746 -1 -1 -1 0 
493 1 439 1173 640 744 -1 -1 -1 0 
500 1 476 1173 603 745 -1 -1 -1 0 
521 1 482 1174 597 745 -1 -1 -1 0 
536 1 443 1153 634 763 -1 -1 -1 0 
537 1 443 1152 636 764 -1 -1 -1 0 
541 1 479 1168 597 751 -1 -1 -1 0 
559 1 483 1169 595 750 -1 -1 -1 0 
577 21 846 434 33 71 -1 -1 -1 0 
579 21 848 429 35 75 -1 -1 -1 0 
