31 2 914 430 92 113 -1 -1 -1 0 
50 2 934 430 93 114 -1 -1 -1 0 
112 8 770 504 36 90 -1 -1 -1 0 
113 8 757 514 36 96 -1 -1 -1 0 
114 8 758 504 36 100 -1 -1 -1 0 
114 12 664 506 30 57 -1 -1 -1 0 
115 8 754 520 40 94 -1 -1 -1 0 
115 12 663 504 28 53 -1 -1 -1 0 
116 8 756 508 39 97 -1 -1 -1 0 
116 14 710 504 37 98 -1 -1 -1 0 
117 8 753 521 39 103 -1 -1 -1 0 
117 14 713 520 35 101 -1 -1 -1 0 
118 8 752 521 38 98 -1 -1 -1 0 
118 12 650 519 33 67 -1 -1 -1 0 
118 14 706 520 36 100 -1 -1 -1 0 
119 8 760 512 39 95 -1 -1 -1 0 
119 12 651 509 37 68 -1 -1 -1 0 
119 14 718 512 37 95 -1 -1 -1 0 
120 8 758 511 35 99 -1 -1 -1 0 
120 12 650 518 33 68 -1 -1 -1 0 
120 14 719 511 36 100 -1 -1 -1 0 
121 8 766 502 38 101 -1 -1 -1 0 
121 12 647 518 34 71 -1 -1 -1 0 
121 14 726 494 34 110 -1 -1 -1 0 
122 8 756 520 39 103 -1 -1 -1 0 
122 14 727 492 35 112 -1 -1 -1 0 
122 17 873 505 44 131 -1 -1 -1 0 
123 8 779 503 39 105 -1 -1 -1 0 
123 17 894 481 46 144 -1 -1 -1 0 
125 8 773 513 40 106 -1 -1 -1 0 
125 14 735 517 40 99 -1 -1 -1 0 
125 17 891 502 44 132 -1 -1 -1 0 
125 19 1018 499 51 226 -1 -1 -1 0 
126 8 772 521 41 106 -1 -1 -1 0 
126 14 739 522 36 100 -1 -1 -1 0 
126 17 893 505 44 133 -1 -1 -1 0 
126 19 1027 496 51 231 -1 -1 -1 0 
127 8 788 507 39 110 -1 -1 -1 0 
127 14 750 517 34 101 -1 -1 -1 0 
127 17 912 495 46 134 -1 -1 -1 0 
127 19 1037 498 41 236 -1 -1 -1 0 
128 8 786 533 38 108 -1 -1 -1 0 
128 14 754 536 32 99 -1 -1 -1 0 
128 17 900 513 52 150 -1 -1 -1 0 
129 8 806 492 44 115 -1 -1 -1 0 
129 14 774 495 36 107 -1 -1 -1 0 
129 17 932 476 49 145 -1 -1 -1 0 
130 8 794 489 41 121 -1 -1 -1 0 
130 14 779 493 37 108 -1 -1 -1 0 
131 8 799 525 42 111 -1 -1 -1 0 
131 12 674 530 37 62 -1 -1 -1 0 
131 14 764 527 39 107 -1 -1 -1 0 
131 17 925 517 49 138 -1 -1 -1 0 
132 8 812 537 40 107 -1 -1 -1 0 
132 12 676 532 36 61 -1 -1 -1 0 
132 14 778 536 37 107 -1 -1 -1 0 
133 8 816 541 40 107 -1 -1 -1 0 
133 14 783 540 36 106 -1 -1 -1 0 
133 17 957 508 44 139 -1 -1 -1 0 
134 8 855 514 39 116 -1 -1 -1 0 
134 17 972 510 50 140 -1 -1 -1 0 
135 8 837 508 43 123 -1 -1 -1 0 
135 14 802 515 34 114 -1 -1 -1 0 
135 17 973 491 56 145 -1 -1 -1 0 
136 8 829 497 40 124 -1 -1 -1 0 
136 14 794 500 36 118 -1 -1 -1 0 
136 17 958 489 50 146 -1 -1 -1 0 
137 8 836 500 45 124 -1 -1 -1 0 
137 14 800 507 41 116 -1 -1 -1 0 
137 17 970 483 49 146 -1 -1 -1 0 
138 8 837 524 45 110 -1 -1 -1 0 
138 14 805 507 40 116 -1 -1 -1 0 
139 8 841 485 43 124 -1 -1 -1 0 
139 14 794 489 44 126 -1 -1 -1 0 
140 8 831 501 46 124 -1 -1 -1 0 
140 14 794 487 43 129 -1 -1 -1 0 
140 17 959 503 52 142 -1 -1 -1 0 
141 8 832 493 43 127 -1 -1 -1 0 
141 14 788 492 45 124 -1 -1 -1 0 
141 17 962 505 52 142 -1 -1 -1 0 
142 8 838 492 41 126 -1 -1 -1 0 
142 14 790 491 45 125 -1 -1 -1 0 
143 8 853 503 38 129 -1 -1 -1 0 
143 14 809 508 50 124 -1 -1 -1 0 
143 17 985 474 57 157 -1 -1 -1 0 
144 8 844 489 44 131 -1 -1 -1 0 
144 14 797 498 46 121 -1 -1 -1 0 
144 17 985 475 64 160 -1 -1 -1 0 
145 8 848 492 45 134 -1 -1 -1 0 
145 14 798 498 52 120 -1 -1 -1 0 
145 17 994 468 58 166 -1 -1 -1 0 
146 8 834 502 49 134 -1 -1 -1 0 
146 14 799 511 40 120 -1 -1 -1 0 
146 17 985 466 72 171 -1 -1 -1 0 
147 8 848 490 45 137 -1 -1 -1 0 
147 14 812 492 39 127 -1 -1 -1 0 
147 17 972 495 61 160 -1 -1 -1 0 
148 8 840 500 49 139 -1 -1 -1 0 
148 14 796 504 45 129 -1 -1 -1 0 
148 17 984 463 76 173 -1 -1 -1 0 
149 8 854 454 45 142 -1 -1 -1 0 
149 14 796 505 46 130 -1 -1 -1 0 
150 8 833 472 70 148 -1 -1 -1 0 
150 17 996 443 67 167 -1 -1 -1 0 
151 8 839 493 53 143 -1 -1 -1 0 
151 14 797 493 48 152 -1 -1 -1 0 
151 17 970 472 71 173 -1 -1 -1 0 
152 8 861 458 57 150 -1 -1 -1 0 
152 14 797 492 50 156 -1 -1 -1 0 
153 8 855 477 66 149 -1 -1 -1 0 
153 14 807 479 60 159 -1 -1 -1 0 
153 17 1021 451 56 176 -1 -1 -1 0 
154 8 857 485 55 146 -1 -1 -1 0 
154 14 812 485 53 148 -1 -1 -1 0 
154 17 1001 472 66 174 -1 -1 -1 0 
155 8 860 484 56 147 -1 -1 -1 0 
155 14 813 487 53 143 -1 -1 -1 0 
155 17 1011 468 61 176 -1 -1 -1 0 
156 8 868 478 45 146 -1 -1 -1 0 
156 14 823 478 50 142 -1 -1 -1 0 
156 17 1007 469 68 178 -1 -1 -1 0 
157 8 877 477 48 147 -1 -1 -1 0 
157 14 839 478 47 142 -1 -1 -1 0 
157 17 1023 458 56 175 -1 -1 -1 0 
158 8 888 457 45 152 -1 -1 -1 0 
158 14 844 477 47 143 -1 -1 -1 0 
159 8 873 472 49 157 -1 -1 -1 0 
159 17 1035 468 44 175 -1 -1 -1 0 
160 8 880 469 52 155 -1 -1 -1 0 
160 17 1034 464 45 169 -1 -1 -1 0 
161 8 879 488 50 157 -1 -1 -1 0 
161 14 837 493 47 158 -1 -1 -1 0 
161 17 1027 466 51 186 -1 -1 -1 0 
161 30 654 485 46 72 -1 -1 -1 0 
161 32 747 503 27 75 -1 -1 -1 0 
162 8 884 492 54 159 -1 -1 -1 0 
162 14 839 494 52 148 -1 -1 -1 0 
162 17 1047 484 31 177 -1 -1 -1 0 
162 30 656 506 39 73 -1 -1 -1 0 
162 32 746 520 26 79 -1 -1 -1 0 
163 8 888 494 53 157 -1 -1 -1 0 
163 14 847 497 49 149 -1 -1 -1 0 
163 17 1040 502 37 172 -1 -1 -1 0 
163 30 651 493 41 78 -1 -1 -1 0 
163 32 745 514 29 75 -1 -1 -1 0 
164 8 895 478 61 171 -1 -1 -1 0 
164 14 850 498 49 149 -1 -1 -1 0 
164 17 1042 506 37 172 -1 -1 -1 0 
165 8 892 502 67 171 -1 -1 -1 0 
165 30 654 506 43 74 -1 -1 -1 0 
166 8 915 486 62 170 -1 -1 -1 0 
166 14 874 493 55 155 -1 -1 -1 0 
166 30 677 489 41 84 -1 -1 -1 0 
167 8 932 482 63 170 -1 -1 -1 0 
168 8 948 479 61 177 -1 -1 -1 0 
168 30 687 484 45 84 -1 -1 -1 0 
169 8 959 478 63 175 -1 -1 -1 0 
169 14 906 496 56 142 -1 -1 -1 0 
169 30 684 491 44 79 -1 -1 -1 0 
170 8 946 499 64 173 -1 -1 -1 0 
170 14 913 496 56 142 -1 -1 -1 0 
171 8 973 497 54 174 -1 -1 -1 0 
171 30 699 484 42 75 -1 -1 -1 0 
172 8 990 480 62 180 -1 -1 -1 0 
172 30 702 490 44 69 -1 -1 -1 0 
173 8 1005 473 58 187 -1 -1 -1 0 
174 8 1014 471 59 191 -1 -1 -1 0 
176 14 1009 478 67 107 -1 -1 -1 0 
178 14 1035 471 44 118 -1 -1 -1 0 
179 14 1046 469 33 117 -1 -1 -1 0 
180 41 755 483 62 95 -1 -1 -1 0 
181 41 750 493 67 96 -1 -1 -1 0 
184 41 742 490 56 95 -1 -1 -1 0 
186 41 741 489 56 96 -1 -1 -1 0 
189 43 764 449 61 103 -1 -1 -1 0 
191 43 753 468 54 88 -1 -1 -1 0 
192 17 745 470 64 96 -1 -1 -1 0 
193 17 755 484 56 95 -1 -1 -1 0 
194 17 751 486 58 96 -1 -1 -1 0 
195 17 743 487 60 95 -1 -1 -1 0 
195 30 759 462 54 99 -1 -1 -1 0 
196 30 767 451 60 108 -1 -1 -1 0 
197 30 765 476 62 110 -1 -1 -1 0 
197 32 832 505 34 72 -1 -1 -1 0 
198 30 776 468 58 100 -1 -1 -1 0 
200 30 780 468 59 101 -1 -1 -1 0 
202 14 683 479 43 92 -1 -1 -1 0 
202 46 722 454 57 99 -1 -1 -1 0 
203 14 665 480 42 90 -1 -1 -1 0 
203 32 781 478 34 62 -1 -1 -1 0 
205 30 709 437 92 124 -1 -1 -1 0 
205 32 778 475 33 60 -1 -1 -1 0 
207 30 702 455 69 118 -1 -1 -1 0 
208 30 710 458 58 132 -1 -1 -1 0 
209 30 687 448 98 196 -1 -1 -1 0 
210 30 682 448 101 204 -1 -1 -1 0 
215 50 779 433 76 148 -1 -1 -1 0 
217 50 801 453 83 156 -1 -1 -1 0 
219 46 835 452 86 146 -1 -1 -1 0 
220 46 844 453 89 151 -1 -1 -1 0 
221 50 837 450 113 178 -1 -1 -1 0 
222 30 873 441 98 188 -1 -1 -1 0 
223 30 886 440 99 192 -1 -1 -1 0 
224 50 892 433 108 185 -1 -1 -1 0 
225 14 844 475 63 85 -1 -1 -1 0 
225 50 909 440 96 167 -1 -1 -1 0 
226 14 853 477 60 93 -1 -1 -1 0 
226 30 905 444 112 184 -1 -1 -1 0 
226 50 924 439 99 170 -1 -1 -1 0 
227 14 862 477 61 94 -1 -1 -1 0 
228 14 880 460 50 111 -1 -1 -1 0 
229 14 897 447 52 97 -1 -1 -1 0 
230 14 907 444 53 97 -1 -1 -1 0 
231 53 962 414 117 282 -1 -1 -1 0 
232 53 1002 392 77 291 -1 -1 -1 0 
236 53 1012 378 67 298 -1 -1 -1 0 
242 14 839 452 61 101 -1 -1 -1 0 
242 58 922 402 84 293 -1 -1 -1 0 
243 14 838 452 62 102 -1 -1 -1 0 
244 58 930 391 113 316 -1 -1 -1 0 
245 58 945 379 125 333 -1 -1 -1 0 
246 58 945 381 130 286 -1 -1 -1 0 
247 58 954 377 125 289 -1 -1 -1 0 
248 62 827 476 92 168 -1 -1 -1 0 
249 62 844 445 66 190 -1 -1 -1 0 
250 62 851 449 77 191 -1 -1 -1 0 
250 63 445 518 30 81 -1 -1 -1 0 
251 62 836 451 93 189 -1 -1 -1 0 
251 63 434 504 27 81 -1 -1 -1 0 
252 62 878 439 76 191 -1 -1 -1 0 
253 62 866 443 80 190 -1 -1 -1 0 
254 62 863 431 75 214 -1 -1 -1 0 
255 62 879 419 75 221 -1 -1 -1 0 
256 62 872 412 94 228 -1 -1 -1 0 
257 62 875 419 80 229 -1 -1 -1 0 
257 63 392 500 34 87 -1 -1 -1 0 
258 62 882 425 98 232 -1 -1 -1 0 
258 63 395 511 32 96 -1 -1 -1 0 
259 62 883 447 104 233 -1 -1 -1 0 
259 63 392 522 36 97 -1 -1 -1 0 
260 62 913 430 104 239 -1 -1 -1 0 
260 63 390 530 37 100 -1 -1 -1 0 
261 62 919 424 95 242 -1 -1 -1 0 
261 63 387 512 41 97 -1 -1 -1 0 
262 62 930 439 92 245 -1 -1 -1 0 
262 63 381 524 41 98 -1 -1 -1 0 
263 62 924 445 110 253 -1 -1 -1 0 
263 63 382 527 32 99 -1 -1 -1 0 
264 62 926 447 125 260 -1 -1 -1 0 
264 63 372 516 39 108 -1 -1 -1 0 
265 62 950 433 124 271 -1 -1 -1 0 
265 63 368 509 38 114 -1 -1 -1 0 
266 62 956 410 123 277 -1 -1 -1 0 
266 63 354 490 45 108 -1 -1 -1 0 
267 62 998 355 81 310 -1 -1 -1 0 
267 63 356 468 45 114 -1 -1 -1 0 
269 62 1005 424 74 301 -1 -1 -1 0 
269 63 357 502 41 117 -1 -1 -1 0 
270 62 1031 431 47 312 -1 -1 -1 0 
270 63 354 504 48 116 -1 -1 -1 0 
271 62 1045 432 34 320 -1 -1 -1 0 
273 63 367 506 43 124 -1 -1 -1 0 
274 63 389 515 44 127 -1 -1 -1 0 
275 63 392 472 48 139 -1 -1 -1 0 
276 63 393 458 48 144 -1 -1 -1 0 
277 63 396 489 46 136 -1 -1 -1 0 
278 63 396 493 46 136 -1 -1 -1 0 
279 63 385 483 44 136 -1 -1 -1 0 
280 63 370 481 43 142 -1 -1 -1 0 
281 63 385 507 39 137 -1 -1 -1 0 
282 63 382 501 43 145 -1 -1 -1 0 
283 63 373 466 51 166 -1 -1 -1 0 
284 63 362 456 48 169 -1 -1 -1 0 
285 63 362 463 50 171 -1 -1 -1 0 
286 63 375 476 52 165 -1 -1 -1 0 
287 63 367 452 54 176 -1 -1 -1 0 
288 63 365 465 56 188 -1 -1 -1 0 
290 63 350 481 60 179 -1 -1 -1 0 
291 63 347 474 73 178 -1 -1 -1 0 
292 63 338 438 69 200 -1 -1 -1 0 
293 63 330 451 69 202 -1 -1 -1 0 
294 63 333 459 81 221 -1 -1 -1 0 
295 63 324 437 77 218 -1 -1 -1 0 
296 63 316 458 83 225 -1 -1 -1 0 
297 63 317 446 83 238 -1 -1 -1 0 
298 63 317 437 87 254 -1 -1 -1 0 
299 63 304 427 93 264 -1 -1 -1 0 
300 63 306 432 100 268 -1 -1 -1 0 
301 63 314 429 91 296 -1 -1 -1 0 
302 63 304 418 102 310 -1 -1 -1 0 
303 63 286 406 108 329 -1 -1 -1 0 
304 63 277 399 117 345 -1 -1 -1 0 
305 63 270 413 117 352 -1 -1 -1 0 
306 63 247 386 125 396 -1 -1 -1 0 
307 63 219 378 143 395 -1 -1 -1 0 
308 63 208 384 141 437 -1 -1 -1 0 
309 63 168 345 144 459 -1 -1 -1 0 
310 63 129 332 184 488 -1 -1 -1 0 
311 63 97 328 182 541 -1 -1 -1 0 
312 63 64 307 192 594 -1 -1 -1 0 
313 63 3 249 245 682 -1 -1 -1 0 
314 63 4 202 188 781 -1 -1 -1 0 
315 63 0 174 158 876 -1 -1 -1 0 
316 63 2 281 104 845 -1 -1 -1 0 
319 63 0 280 73 875 -1 -1 -1 0 
326 90 86 538 36 90 -1 -1 -1 0 
327 90 79 539 33 85 -1 -1 -1 0 
328 90 74 540 31 82 -1 -1 -1 0 
365 97 846 511 48 84 -1 -1 -1 0 
366 97 845 509 54 87 -1 -1 -1 0 
367 97 844 518 65 88 -1 -1 -1 0 
370 97 872 515 65 88 -1 -1 -1 0 
371 97 877 494 55 91 -1 -1 -1 0 
372 97 889 497 49 85 -1 -1 -1 0 
373 97 900 495 56 91 -1 -1 -1 0 
374 97 906 497 50 94 -1 -1 -1 0 
377 97 909 504 38 99 -1 -1 -1 0 
386 97 915 502 38 102 -1 -1 -1 0 
390 97 876 466 69 128 -1 -1 -1 0 
392 97 875 469 51 118 -1 -1 -1 0 
393 97 876 478 54 112 -1 -1 -1 0 
394 97 872 487 46 109 -1 -1 -1 0 
395 97 889 493 45 116 -1 -1 -1 0 
396 97 903 489 47 119 -1 -1 -1 0 
397 97 904 483 50 123 -1 -1 -1 0 
398 97 915 484 47 124 -1 -1 -1 0 
399 97 908 483 48 126 -1 -1 -1 0 
400 97 910 489 45 131 -1 -1 -1 0 
401 97 919 481 46 130 -1 -1 -1 0 
402 97 933 461 45 143 -1 -1 -1 0 
403 97 939 460 45 132 -1 -1 -1 0 
404 97 941 483 44 142 -1 -1 -1 0 
405 97 942 482 45 136 -1 -1 -1 0 
406 97 961 454 43 136 -1 -1 -1 0 
407 97 946 480 44 143 -1 -1 -1 0 
408 97 952 466 51 144 -1 -1 -1 0 
409 97 964 486 50 146 -1 -1 -1 0 
410 97 966 483 49 143 -1 -1 -1 0 
411 97 967 472 51 141 -1 -1 -1 0 
417 97 1001 489 39 148 -1 -1 -1 0 
418 97 1003 495 62 149 -1 -1 -1 0 
420 97 1032 508 47 137 -1 -1 -1 0 
428 97 1040 511 39 138 -1 -1 -1 0 
469 110 752 496 28 89 -1 -1 -1 0 
471 110 756 512 31 79 -1 -1 -1 0 
472 110 755 513 34 79 -1 -1 -1 0 
476 110 757 516 35 82 -1 -1 -1 0 
498 114 410 518 30 66 -1 -1 -1 0 
522 114 416 504 34 88 -1 -1 -1 0 
525 114 414 499 37 97 -1 -1 -1 0 
528 116 991 489 59 146 -1 -1 -1 0 
529 116 1001 473 73 162 -1 -1 -1 0 
530 116 1011 480 68 157 -1 -1 -1 0 
531 116 1019 480 60 155 -1 -1 -1 0 
532 116 1026 471 53 160 -1 -1 -1 0 
533 116 1040 473 38 150 -1 -1 -1 0 
534 116 1040 473 39 152 -1 -1 -1 0 
534 120 984 488 42 103 -1 -1 -1 0 
537 116 1045 472 34 152 -1 -1 -1 0 
540 120 1032 477 44 116 -1 -1 -1 0 
544 120 1042 475 37 120 -1 -1 -1 0 
545 114 559 511 33 105 -1 -1 -1 0 
547 114 569 511 32 107 -1 -1 -1 0 
548 123 631 489 48 138 -1 -1 -1 0 
549 123 633 487 49 142 -1 -1 -1 0 
550 123 636 481 54 145 -1 -1 -1 0 
551 123 646 463 55 145 -1 -1 -1 0 
552 123 644 477 49 144 -1 -1 -1 0 
553 123 630 476 59 152 -1 -1 -1 0 
554 123 631 465 59 150 -1 -1 -1 0 
554 128 800 479 42 109 -1 -1 -1 0 
555 123 622 472 56 149 -1 -1 -1 0 
555 128 798 483 42 107 -1 -1 -1 0 
556 123 616 463 57 154 -1 -1 -1 0 
556 131 1010 462 45 109 -1 -1 -1 0 
557 123 606 457 63 160 -1 -1 -1 0 
557 131 1012 462 44 108 -1 -1 -1 0 
558 123 615 469 52 147 -1 -1 -1 0 
558 128 779 467 43 115 -1 -1 -1 0 
559 123 625 458 58 157 -1 -1 -1 0 
559 128 774 465 45 117 -1 -1 -1 0 
560 123 618 468 60 166 -1 -1 -1 0 
560 128 766 483 61 114 -1 -1 -1 0 
561 123 607 475 63 164 -1 -1 -1 0 
561 128 780 475 49 118 -1 -1 -1 0 
562 123 606 495 51 144 -1 -1 -1 0 
562 128 777 468 45 132 -1 -1 -1 0 
563 123 609 485 62 168 -1 -1 -1 0 
563 128 774 467 46 135 -1 -1 -1 0 
564 123 600 478 59 165 -1 -1 -1 0 
565 114 343 488 41 123 -1 -1 -1 0 
565 123 614 475 61 176 -1 -1 -1 0 
565 128 758 486 55 119 -1 -1 -1 0 
566 114 332 487 41 123 -1 -1 -1 0 
566 123 609 475 69 169 -1 -1 -1 0 
567 123 614 483 64 182 -1 -1 -1 0 
567 128 773 484 45 124 -1 -1 -1 0 
568 123 610 458 63 185 -1 -1 -1 0 
568 128 784 471 40 127 -1 -1 -1 0 
569 123 610 488 64 171 -1 -1 -1 0 
569 128 784 470 41 128 -1 -1 -1 0 
569 131 1029 474 46 121 -1 -1 -1 0 
570 123 624 467 59 187 -1 -1 -1 0 
570 131 1047 471 32 131 -1 -1 -1 0 
571 123 632 459 64 190 -1 -1 -1 0 
571 131 1043 478 35 134 -1 -1 -1 0 
572 123 629 463 70 194 -1 -1 -1 0 
572 131 1045 479 34 136 -1 -1 -1 0 
573 123 644 460 59 196 -1 -1 -1 0 
574 123 641 483 70 183 -1 -1 -1 0 
575 123 654 464 72 202 -1 -1 -1 0 
576 123 652 465 78 202 -1 -1 -1 0 
576 128 803 475 42 140 -1 -1 -1 0 
577 123 660 458 76 218 -1 -1 -1 0 
577 128 815 463 40 138 -1 -1 -1 0 
578 123 653 460 87 205 -1 -1 -1 0 
578 128 816 449 62 143 -1 -1 -1 0 
578 148 528 459 50 187 -1 -1 -1 0 
579 123 672 461 81 208 -1 -1 -1 0 
579 128 806 466 69 141 -1 -1 -1 0 
579 148 523 446 54 199 -1 -1 -1 0 
580 123 665 472 71 199 -1 -1 -1 0 
580 128 792 481 71 149 -1 -1 -1 0 
580 148 530 467 59 187 -1 -1 -1 0 
581 123 678 472 78 209 -1 -1 -1 0 
581 128 806 467 68 159 -1 -1 -1 0 
582 123 675 479 76 201 -1 -1 -1 0 
582 128 801 481 84 140 -1 -1 -1 0 
582 148 547 463 91 206 -1 -1 -1 0 
583 123 688 476 73 201 -1 -1 -1 0 
583 128 808 487 70 140 -1 -1 -1 0 
583 148 546 462 58 189 -1 -1 -1 0 
584 123 702 468 71 208 -1 -1 -1 0 
584 128 815 479 61 154 -1 -1 -1 0 
585 123 706 461 78 218 -1 -1 -1 0 
585 128 821 476 62 155 -1 -1 -1 0 
586 123 738 437 51 229 -1 -1 -1 0 
586 128 823 476 64 157 -1 -1 -1 0 
587 123 731 464 77 229 -1 -1 -1 0 
587 128 842 476 63 162 -1 -1 -1 0 
587 148 581 493 50 169 -1 -1 -1 0 
588 123 740 471 85 230 -1 -1 -1 0 
588 128 854 482 62 163 -1 -1 -1 0 
588 148 575 499 53 173 -1 -1 -1 0 
589 123 752 455 81 238 -1 -1 -1 0 
589 128 853 472 63 167 -1 -1 -1 0 
589 148 588 464 70 216 -1 -1 -1 0 
590 123 756 449 89 274 -1 -1 -1 0 
590 128 867 456 64 174 -1 -1 -1 0 
590 148 581 488 60 195 -1 -1 -1 0 
591 123 755 468 78 254 -1 -1 -1 0 
591 128 871 454 67 177 -1 -1 -1 0 
591 148 583 486 59 199 -1 -1 -1 0 
592 123 770 466 77 250 -1 -1 -1 0 
592 128 861 471 64 177 -1 -1 -1 0 
592 148 585 487 61 196 -1 -1 -1 0 
593 123 758 464 74 250 -1 -1 -1 0 
593 128 865 471 64 179 -1 -1 -1 0 
594 123 766 442 81 265 -1 -1 -1 0 
594 128 851 463 65 178 -1 -1 -1 0 
594 148 583 467 60 203 -1 -1 -1 0 
594 156 649 425 66 280 -1 -1 -1 0 
595 123 776 446 82 275 -1 -1 -1 0 
595 128 857 455 62 177 -1 -1 -1 0 
595 148 577 490 61 194 -1 -1 -1 0 
595 156 639 435 79 282 -1 -1 -1 0 
596 123 783 439 64 281 -1 -1 -1 0 
596 128 862 454 56 185 -1 -1 -1 0 
596 148 586 474 66 207 -1 -1 -1 0 
596 156 653 426 77 286 -1 -1 -1 0 
596 157 347 484 54 146 -1 -1 -1 0 
597 123 791 442 64 271 -1 -1 -1 0 
597 128 861 458 66 187 -1 -1 -1 0 
597 148 592 460 62 213 -1 -1 -1 0 
597 156 660 416 80 289 -1 -1 -1 0 
597 157 353 499 51 149 -1 -1 -1 0 
598 123 795 452 72 283 -1 -1 -1 0 
598 128 861 462 73 188 -1 -1 -1 0 
598 148 584 471 58 213 -1 -1 -1 0 
598 156 642 438 90 289 -1 -1 -1 0 
598 157 355 476 51 149 -1 -1 -1 0 
599 123 823 424 79 304 -1 -1 -1 0 
599 128 863 462 74 189 -1 -1 -1 0 
599 148 588 471 73 216 -1 -1 -1 0 
600 123 830 437 62 295 -1 -1 -1 0 
600 128 873 464 75 186 -1 -1 -1 0 
600 148 600 433 66 241 -1 -1 -1 0 
600 156 671 418 90 292 -1 -1 -1 0 
601 123 838 436 62 299 -1 -1 -1 0 
601 128 906 455 60 188 -1 -1 -1 0 
601 148 605 474 59 218 -1 -1 -1 0 
601 156 677 422 88 310 -1 -1 -1 0 
602 128 880 470 74 182 -1 -1 -1 0 
602 148 608 475 59 220 -1 -1 -1 0 
602 156 689 397 82 325 -1 -1 -1 0 
602 160 2 543 32 109 -1 -1 -1 0 
603 128 882 470 76 183 -1 -1 -1 0 
603 148 605 462 67 230 -1 -1 -1 0 
603 156 676 424 101 320 -1 -1 -1 0 
603 157 348 482 56 158 -1 -1 -1 0 
604 148 603 479 66 223 -1 -1 -1 0 
604 156 676 427 96 323 -1 -1 -1 0 
604 157 348 481 56 160 -1 -1 -1 0 
605 128 934 441 62 201 -1 -1 -1 0 
605 148 606 475 63 227 -1 -1 -1 0 
605 156 684 407 108 344 -1 -1 -1 0 
605 162 657 464 54 203 -1 -1 -1 0 
606 128 940 438 64 205 -1 -1 -1 0 
606 148 611 475 66 220 -1 -1 -1 0 
606 156 690 405 106 346 -1 -1 -1 0 
606 157 346 487 62 161 -1 -1 -1 0 
606 162 663 465 55 201 -1 -1 -1 0 
607 148 611 460 70 244 -1 -1 -1 0 
607 156 693 389 116 366 -1 -1 -1 0 
607 157 346 487 62 162 -1 -1 -1 0 
608 148 617 458 71 247 -1 -1 -1 0 
608 156 695 403 107 360 -1 -1 -1 0 
608 162 669 456 61 215 -1 -1 -1 0 
609 148 615 472 72 247 -1 -1 -1 0 
609 156 699 403 109 375 -1 -1 -1 0 
609 162 668 466 64 212 -1 -1 -1 0 
610 148 611 493 71 222 -1 -1 -1 0 
610 156 698 391 119 392 -1 -1 -1 0 
610 157 353 487 55 165 -1 -1 -1 0 
610 162 667 468 60 211 -1 -1 -1 0 
611 148 622 458 72 256 -1 -1 -1 0 
611 156 706 387 129 396 -1 -1 -1 0 
611 157 333 490 71 166 -1 -1 -1 0 
611 162 681 458 57 211 -1 -1 -1 0 
612 148 619 466 80 258 -1 -1 -1 0 
612 156 714 384 119 407 -1 -1 -1 0 
612 157 332 481 67 168 -1 -1 -1 0 
612 162 684 463 56 211 -1 -1 -1 0 
612 168 891 425 107 165 -1 -1 -1 0 
613 148 635 458 74 262 -1 -1 -1 0 
613 156 728 393 120 392 -1 -1 -1 0 
613 157 335 481 64 170 -1 -1 -1 0 
613 162 689 452 60 224 -1 -1 -1 0 
613 168 905 410 124 173 -1 -1 -1 0 
614 148 626 458 90 265 -1 -1 -1 0 
614 156 739 364 131 425 -1 -1 -1 0 
614 157 351 489 59 175 -1 -1 -1 0 
614 162 693 450 61 227 -1 -1 -1 0 
615 148 629 459 88 271 -1 -1 -1 0 
615 156 744 377 132 422 -1 -1 -1 0 
615 157 355 503 50 166 -1 -1 -1 0 
615 162 697 440 60 240 -1 -1 -1 0 
615 168 932 399 145 185 -1 -1 -1 0 
616 148 634 461 86 278 -1 -1 -1 0 
616 156 747 364 136 443 -1 -1 -1 0 
616 157 341 489 64 179 -1 -1 -1 0 
616 162 699 444 59 260 -1 -1 -1 0 
616 168 945 401 132 195 -1 -1 -1 0 
617 128 922 449 88 154 -1 -1 -1 0 
617 148 630 471 89 273 -1 -1 -1 0 
617 156 748 379 138 443 -1 -1 -1 0 
617 157 340 489 66 181 -1 -1 -1 0 
617 162 695 460 58 242 -1 -1 -1 0 
617 168 971 390 108 209 -1 -1 -1 0 
618 128 921 435 102 251 -1 -1 -1 0 
618 148 632 471 90 276 -1 -1 -1 0 
618 156 744 355 162 477 -1 -1 -1 0 
618 157 324 483 89 170 -1 -1 -1 0 
618 162 694 456 65 247 -1 -1 -1 0 
618 168 998 374 81 208 -1 -1 -1 0 
619 128 901 443 120 262 -1 -1 -1 0 
619 148 642 456 85 285 -1 -1 -1 0 
619 156 747 361 160 472 -1 -1 -1 0 
619 157 325 481 73 182 -1 -1 -1 0 
619 162 708 440 54 267 -1 -1 -1 0 
619 168 1001 425 78 171 -1 -1 -1 0 
620 128 903 438 121 266 -1 -1 -1 0 
620 148 651 467 98 285 -1 -1 -1 0 
620 156 755 363 161 491 -1 -1 -1 0 
620 157 322 480 77 184 -1 -1 -1 0 
620 162 709 458 58 292 -1 -1 -1 0 
621 128 918 426 123 265 -1 -1 -1 0 
621 148 655 437 101 314 -1 -1 -1 0 
621 156 787 327 154 519 -1 -1 -1 0 
621 157 322 474 65 189 -1 -1 -1 0 
621 162 730 420 51 277 -1 -1 -1 0 
621 172 124 532 27 86 -1 -1 -1 0 
622 128 931 420 117 276 -1 -1 -1 0 
622 148 659 454 104 311 -1 -1 -1 0 
622 156 796 323 160 543 -1 -1 -1 0 
622 157 324 486 70 192 -1 -1 -1 0 
622 162 733 436 54 276 -1 -1 -1 0 
622 172 121 531 30 90 -1 -1 -1 0 
623 128 934 429 118 285 -1 -1 -1 0 
623 148 667 436 101 324 -1 -1 -1 0 
623 156 806 379 174 498 -1 -1 -1 0 
623 157 329 487 66 181 -1 -1 -1 0 
623 162 735 425 59 275 -1 -1 -1 0 
623 172 118 546 31 79 -1 -1 -1 0 
623 173 225 543 23 65 -1 -1 -1 0 
624 128 949 429 107 287 -1 -1 -1 0 
624 148 665 437 107 325 -1 -1 -1 0 
624 156 808 332 182 556 -1 -1 -1 0 
624 157 322 477 86 180 -1 -1 -1 0 
624 162 739 422 61 280 -1 -1 -1 0 
625 128 995 427 83 284 -1 -1 -1 0 
625 148 671 439 112 335 -1 -1 -1 0 
625 156 815 317 197 588 -1 -1 -1 0 
625 157 331 465 69 202 -1 -1 -1 0 
625 172 127 551 26 79 -1 -1 -1 0 
626 128 1011 418 68 294 -1 -1 -1 0 
626 148 682 422 116 354 -1 -1 -1 0 
626 156 844 292 204 622 -1 -1 -1 0 
626 157 332 482 72 203 -1 -1 -1 0 
627 128 1020 414 59 304 -1 -1 -1 0 
627 148 675 431 114 354 -1 -1 -1 0 
627 156 841 284 228 645 -1 -1 -1 0 
627 157 331 482 75 207 -1 -1 -1 0 
628 148 690 425 117 366 -1 -1 -1 0 
628 156 876 255 203 699 -1 -1 -1 0 
628 157 314 473 83 208 -1 -1 -1 0 
629 148 693 421 123 379 -1 -1 -1 0 
629 156 890 278 189 685 -1 -1 -1 0 
629 157 329 499 66 206 -1 -1 -1 0 
629 162 773 423 62 289 -1 -1 -1 0 
629 175 829 389 161 434 -1 -1 -1 0 
630 148 698 421 126 392 -1 -1 -1 0 
630 156 899 293 180 697 -1 -1 -1 0 
630 157 323 490 77 209 -1 -1 -1 0 
630 162 779 422 62 291 -1 -1 -1 0 
631 148 699 446 126 383 -1 -1 -1 0 
631 156 905 295 174 708 -1 -1 -1 0 
631 157 288 477 94 228 -1 -1 -1 0 
631 175 843 358 180 511 -1 -1 -1 0 
632 148 706 426 133 405 -1 -1 -1 0 
632 156 928 350 151 666 -1 -1 -1 0 
632 157 317 498 81 209 -1 -1 -1 0 
632 175 851 352 187 530 -1 -1 -1 0 
633 148 714 431 124 411 -1 -1 -1 0 
633 156 921 381 158 643 -1 -1 -1 0 
633 157 288 476 92 244 -1 -1 -1 0 
633 175 844 371 188 499 -1 -1 -1 0 
634 148 721 414 137 427 -1 -1 -1 0 
634 156 917 397 160 551 -1 -1 -1 0 
634 157 280 465 98 252 -1 -1 -1 0 
634 175 861 380 169 493 -1 -1 -1 0 
635 148 723 415 147 443 -1 -1 -1 0 
635 156 933 367 146 579 -1 -1 -1 0 
635 157 283 506 106 210 -1 -1 -1 0 
636 148 726 408 151 455 -1 -1 -1 0 
636 156 941 370 138 579 -1 -1 -1 0 
636 157 257 498 133 228 -1 -1 -1 0 
636 175 899 347 174 587 -1 -1 -1 0 
637 148 732 388 146 468 -1 -1 -1 0 
637 157 287 494 91 232 -1 -1 -1 0 
637 175 894 318 175 607 -1 -1 -1 0 
638 148 737 379 146 484 -1 -1 -1 0 
638 157 281 457 81 231 -1 -1 -1 0 
638 175 896 288 182 613 -1 -1 -1 0 
639 148 741 367 153 499 -1 -1 -1 0 
639 157 275 450 92 238 -1 -1 -1 0 
639 175 915 249 164 664 -1 -1 -1 0 
640 148 761 277 175 533 -1 -1 -1 0 
640 157 265 370 89 267 -1 -1 -1 0 
640 175 964 239 115 636 -1 -1 -1 0 
641 148 770 234 197 579 -1 -1 -1 0 
641 157 265 393 87 240 -1 -1 -1 0 
642 148 791 260 188 564 -1 -1 -1 0 
642 157 261 368 98 271 -1 -1 -1 0 
643 148 777 353 200 564 -1 -1 -1 0 
643 157 256 357 102 278 -1 -1 -1 0 
644 148 795 404 189 567 -1 -1 -1 0 
645 148 825 359 214 616 -1 -1 -1 0 
645 182 263 489 116 264 -1 -1 -1 0 
646 148 849 343 206 614 -1 -1 -1 0 
646 182 285 455 99 283 -1 -1 -1 0 
647 148 863 380 213 589 -1 -1 -1 0 
647 182 279 490 102 266 -1 -1 -1 0 
648 148 828 285 236 684 -1 -1 -1 0 
648 157 231 438 90 281 -1 -1 -1 0 
649 148 800 312 248 647 -1 -1 -1 0 
649 157 178 425 105 291 -1 -1 -1 0 
650 148 803 322 228 660 -1 -1 -1 0 
650 157 162 439 120 284 -1 -1 -1 0 
651 148 839 340 236 688 -1 -1 -1 0 
651 157 190 432 107 286 -1 -1 -1 0 
652 148 869 331 207 717 -1 -1 -1 0 
652 157 229 441 107 275 -1 -1 -1 0 
652 162 842 330 144 461 -1 -1 -1 0 
653 148 920 326 157 726 -1 -1 -1 0 
653 157 248 439 111 280 -1 -1 -1 0 
653 162 882 324 153 469 -1 -1 -1 0 
654 148 938 345 141 761 -1 -1 -1 0 
654 157 252 433 115 303 -1 -1 -1 0 
654 162 905 316 167 487 -1 -1 -1 0 
655 148 949 339 130 791 -1 -1 -1 0 
655 157 236 447 115 310 -1 -1 -1 0 
655 162 900 305 173 508 -1 -1 -1 0 
656 148 965 340 114 809 -1 -1 -1 0 
656 157 193 456 131 313 -1 -1 -1 0 
657 157 177 442 126 332 -1 -1 -1 0 
657 162 888 282 189 549 -1 -1 -1 0 
658 157 168 452 127 319 -1 -1 -1 0 
658 162 902 283 174 547 -1 -1 -1 0 
659 157 158 445 127 316 -1 -1 -1 0 
659 162 884 297 193 558 -1 -1 -1 0 
660 157 137 449 135 340 -1 -1 -1 0 
660 162 900 272 177 590 -1 -1 -1 0 
661 157 123 424 141 368 -1 -1 -1 0 
661 162 903 279 175 593 -1 -1 -1 0 
662 157 120 438 135 332 -1 -1 -1 0 
662 162 911 268 168 622 -1 -1 -1 0 
663 157 119 429 129 356 -1 -1 -1 0 
663 162 915 269 164 629 -1 -1 -1 0 
664 157 109 445 149 351 -1 -1 -1 0 
664 162 928 270 151 646 -1 -1 -1 0 
665 157 103 415 150 350 -1 -1 -1 0 
665 162 957 440 122 483 -1 -1 -1 0 
666 157 93 404 154 384 -1 -1 -1 0 
666 162 974 575 105 349 -1 -1 -1 0 
667 157 67 393 186 398 -1 -1 -1 0 
667 162 981 588 97 345 -1 -1 -1 0 
668 157 66 396 187 377 -1 -1 -1 0 
668 162 994 680 85 262 -1 -1 -1 0 
669 157 70 389 152 404 -1 -1 -1 0 
670 157 37 371 206 437 -1 -1 -1 0 
671 157 47 380 178 436 -1 -1 -1 0 
672 157 26 387 187 441 -1 -1 -1 0 
673 157 19 387 186 442 -1 -1 -1 0 
674 157 4 370 194 461 -1 -1 -1 0 
675 157 1 373 183 482 -1 -1 -1 0 
676 157 0 359 182 464 -1 -1 -1 0 
677 157 0 355 175 470 -1 -1 -1 0 
678 157 0 360 178 497 -1 -1 -1 0 
679 157 1 340 164 495 -1 -1 -1 0 
680 157 0 346 169 499 -1 -1 -1 0 
681 157 0 345 171 511 -1 -1 -1 0 
682 157 1 321 155 526 -1 -1 -1 0 
683 157 0 335 153 536 -1 -1 -1 0 
684 157 1 309 139 572 -1 -1 -1 0 
685 157 2 308 126 598 -1 -1 -1 0 
686 157 0 353 152 542 -1 -1 -1 0 
687 157 4 298 113 613 -1 -1 -1 0 
688 157 1 335 110 579 -1 -1 -1 0 
689 157 0 365 105 559 -1 -1 -1 0 
690 157 0 368 120 555 -1 -1 -1 0 
691 157 0 316 120 622 -1 -1 -1 0 
692 157 2 353 106 631 -1 -1 -1 0 
693 157 2 342 101 671 -1 -1 -1 0 
694 157 0 331 106 728 -1 -1 -1 0 
702 157 0 330 103 746 -1 -1 -1 0 
724 188 1 521 69 188 -1 -1 -1 0 
757 188 2 519 71 194 -1 -1 -1 0 
810 192 154 463 45 129 -1 -1 -1 0 
814 192 162 458 44 127 -1 -1 -1 0 
817 192 173 456 44 127 -1 -1 -1 0 
822 192 209 480 48 139 -1 -1 -1 0 
824 192 223 483 48 142 -1 -1 -1 0 
825 192 195 467 47 136 -1 -1 -1 0 
828 192 204 468 47 136 -1 -1 -1 0 
841 204 836 475 52 138 -1 -1 -1 0 
842 204 821 481 52 136 -1 -1 -1 0 
843 204 782 478 55 141 -1 -1 -1 0 
844 204 769 480 56 141 -1 -1 -1 0 
845 204 699 494 48 141 -1 -1 -1 0 
846 204 676 497 47 138 -1 -1 -1 0 
847 204 660 493 48 138 -1 -1 -1 0 
848 204 653 496 47 139 -1 -1 -1 0 
849 204 647 510 50 144 -1 -1 -1 0 
850 204 629 502 51 143 -1 -1 -1 0 
851 204 604 505 49 146 -1 -1 -1 0 
852 204 580 513 51 142 -1 -1 -1 0 
853 204 550 514 60 143 -1 -1 -1 0 
854 204 517 515 55 147 -1 -1 -1 0 
855 204 499 518 54 146 -1 -1 -1 0 
856 204 494 528 52 140 -1 -1 -1 0 
857 204 494 530 58 136 -1 -1 -1 0 
858 204 514 529 53 137 -1 -1 -1 0 
859 204 529 523 46 141 -1 -1 -1 0 
860 204 546 520 49 144 -1 -1 -1 0 
861 204 539 531 61 135 -1 -1 -1 0 
862 204 504 522 56 142 -1 -1 -1 0 
863 204 472 514 50 141 -1 -1 -1 0 
864 204 442 509 63 138 -1 -1 -1 0 
865 204 419 514 48 137 -1 -1 -1 0 
866 204 410 516 50 139 -1 -1 -1 0 
867 204 401 513 55 140 -1 -1 -1 0 
868 204 404 516 60 140 -1 -1 -1 0 
869 204 408 510 54 146 -1 -1 -1 0 
870 204 405 512 59 145 -1 -1 -1 0 
871 204 402 511 56 139 -1 -1 -1 0 
872 204 393 511 65 141 -1 -1 -1 0 
873 204 393 510 66 141 -1 -1 -1 0 
874 204 405 509 61 143 -1 -1 -1 0 
875 204 417 512 64 146 -1 -1 -1 0 
876 204 430 513 55 140 -1 -1 -1 0 
877 204 443 512 55 136 -1 -1 -1 0 
878 204 454 513 55 137 -1 -1 -1 0 
879 204 464 512 64 137 -1 -1 -1 0 
880 204 475 508 61 135 -1 -1 -1 0 
881 204 482 500 61 140 -1 -1 -1 0 
882 204 486 504 66 140 -1 -1 -1 0 
883 204 493 510 62 130 -1 -1 -1 0 
884 204 499 508 61 133 -1 -1 -1 0 
885 204 499 503 60 142 -1 -1 -1 0 
887 204 500 509 62 135 -1 -1 -1 0 
893 204 512 511 63 130 -1 -1 -1 0 
894 204 512 508 62 130 -1 -1 -1 0 
