3 1 707 349 53 142 -1 -1 -1 0 
3 2 201 364 99 217 -1 -1 -1 0 
3 3 386 340 149 375 -1 -1 -1 0 
3 4 12 399 64 396 -1 -1 -1 0 
3 5 342 373 50 137 -1 -1 -1 0 
4 1 706 350 53 139 -1 -1 -1 0 
4 2 193 361 100 232 -1 -1 -1 0 
4 3 384 327 150 382 -1 -1 -1 0 
4 4 11 398 63 392 -1 -1 -1 0 
5 1 705 350 52 141 -1 -1 -1 0 
5 2 200 379 94 197 -1 -1 -1 0 
5 3 365 325 170 383 -1 -1 -1 0 
5 5 339 368 60 143 -1 -1 -1 0 
6 1 709 347 53 145 -1 -1 -1 0 
6 2 197 367 95 206 -1 -1 -1 0 
6 3 365 321 173 375 -1 -1 -1 0 
7 1 721 342 51 141 -1 -1 -1 0 
7 2 200 369 90 223 -1 -1 -1 0 
7 3 368 341 166 343 -1 -1 -1 0 
8 1 725 344 46 142 -1 -1 -1 0 
8 2 199 374 93 206 -1 -1 -1 0 
8 3 369 345 165 332 -1 -1 -1 0 
9 1 729 339 49 143 -1 -1 -1 0 
9 2 183 363 100 231 -1 -1 -1 0 
9 3 372 341 163 334 -1 -1 -1 0 
10 1 733 336 45 147 -1 -1 -1 0 
10 2 177 365 103 242 -1 -1 -1 0 
10 3 369 331 165 342 -1 -1 -1 0 
11 1 739 329 49 147 -1 -1 -1 0 
11 2 165 352 109 245 -1 -1 -1 0 
11 3 365 318 170 345 -1 -1 -1 0 
12 1 731 320 49 149 -1 -1 -1 0 
12 2 153 348 107 257 -1 -1 -1 0 
12 3 352 304 164 352 -1 -1 -1 0 
13 1 724 322 48 150 -1 -1 -1 0 
13 2 139 351 114 246 -1 -1 -1 0 
13 3 344 306 164 349 -1 -1 -1 0 
14 1 739 315 54 154 -1 -1 -1 0 
14 2 147 344 113 262 -1 -1 -1 0 
14 3 354 313 163 314 -1 -1 -1 0 
15 1 757 318 48 154 -1 -1 -1 0 
15 2 156 352 109 246 -1 -1 -1 0 
15 3 367 317 163 320 -1 -1 -1 0 
16 1 768 319 51 156 -1 -1 -1 0 
16 2 150 340 114 264 -1 -1 -1 0 
16 3 373 309 163 330 -1 -1 -1 0 
17 1 775 316 51 156 -1 -1 -1 0 
17 2 152 339 113 263 -1 -1 -1 0 
17 3 376 321 163 303 -1 -1 -1 0 
18 1 778 320 58 149 -1 -1 -1 0 
18 2 140 334 121 273 -1 -1 -1 0 
18 3 378 313 156 308 -1 -1 -1 0 
19 1 780 306 53 155 -1 -1 -1 0 
19 2 130 331 124 275 -1 -1 -1 0 
19 3 372 311 154 303 -1 -1 -1 0 
20 1 776 298 56 157 -1 -1 -1 0 
20 2 120 321 122 284 -1 -1 -1 0 
20 3 363 304 159 304 -1 -1 -1 0 
21 1 779 294 57 158 -1 -1 -1 0 
21 2 87 307 134 300 -1 -1 -1 0 
22 1 760 296 57 162 -1 -1 -1 0 
22 2 70 304 137 301 -1 -1 -1 0 
22 3 341 294 165 311 -1 -1 -1 0 
23 1 757 303 55 162 -1 -1 -1 0 
23 2 64 315 132 302 -1 -1 -1 0 
23 3 334 281 162 321 -1 -1 -1 0 
24 1 769 304 59 163 -1 -1 -1 0 
24 2 64 318 133 310 -1 -1 -1 0 
24 3 344 299 164 318 -1 -1 -1 0 
25 1 776 313 58 164 -1 -1 -1 0 
25 2 57 306 130 321 -1 -1 -1 0 
25 3 345 289 160 313 -1 -1 -1 0 
26 1 770 310 55 170 -1 -1 -1 0 
26 2 46 315 122 317 -1 -1 -1 0 
26 3 337 293 154 310 -1 -1 -1 0 
27 1 749 295 56 169 -1 -1 -1 0 
27 2 3 305 141 338 -1 -1 -1 0 
27 3 310 290 153 304 -1 -1 -1 0 
28 1 717 270 70 173 -1 -1 -1 0 
28 2 2 293 106 336 -1 -1 -1 0 
28 3 276 273 152 315 -1 -1 -1 0 
29 1 677 252 77 183 -1 -1 -1 0 
29 2 0 289 92 342 -1 -1 -1 0 
30 1 668 246 80 185 -1 -1 -1 0 
30 3 179 230 162 335 -1 -1 -1 0 
31 3 129 224 185 324 -1 -1 -1 0 
32 3 110 214 176 309 -1 -1 -1 0 
33 3 103 218 158 305 -1 -1 -1 0 
34 1 580 194 62 193 -1 -1 -1 0 
34 3 102 186 169 308 -1 -1 -1 0 
35 1 584 197 64 187 -1 -1 -1 0 
35 3 94 150 171 344 -1 -1 -1 0 
36 1 594 163 65 215 -1 -1 -1 0 
36 3 101 129 172 329 -1 -1 -1 0 
37 1 585 152 66 220 -1 -1 -1 0 
38 3 117 99 181 336 -1 -1 -1 0 
39 1 682 101 72 243 -1 -1 -1 0 
39 3 171 96 146 337 -1 -1 -1 0 
40 1 687 86 73 249 -1 -1 -1 0 
40 3 229 79 133 340 -1 -1 -1 0 
41 3 280 78 135 336 -1 -1 -1 0 
42 3 302 80 129 330 -1 -1 -1 0 
43 3 280 58 146 340 -1 -1 -1 0 
43 18 440 95 70 191 -1 -1 -1 0 
44 1 800 99 77 248 -1 -1 -1 0 
44 3 256 80 151 333 -1 -1 -1 0 
45 1 813 93 78 251 -1 -1 -1 0 
45 3 271 191 152 296 -1 -1 -1 0 
46 3 277 200 152 292 -1 -1 -1 0 
47 3 302 278 137 302 -1 -1 -1 0 
47 20 809 313 66 180 -1 -1 -1 0 
48 3 294 307 149 287 -1 -1 -1 0 
48 20 823 337 61 201 -1 -1 -1 0 
49 3 287 349 106 274 -1 -1 -1 0 
49 20 809 378 67 223 -1 -1 -1 0 
50 3 271 419 96 250 -1 -1 -1 0 
50 20 785 406 75 201 -1 -1 -1 0 
50 23 428 438 72 162 -1 -1 -1 0 
50 24 348 424 66 229 -1 -1 -1 0 
51 3 273 440 93 243 -1 -1 -1 0 
51 20 753 440 60 186 -1 -1 -1 0 
52 20 744 470 59 183 -1 -1 -1 0 
52 23 360 408 60 155 -1 -1 -1 0 
53 23 333 416 59 152 -1 -1 -1 0 
53 24 249 361 68 257 -1 -1 -1 0 
54 23 384 385 66 174 -1 -1 -1 0 
54 24 269 366 66 246 -1 -1 -1 0 
54 25 185 350 104 322 -1 -1 -1 0 
55 23 404 382 63 177 -1 -1 -1 0 
55 24 278 347 71 245 -1 -1 -1 0 
55 25 189 319 109 347 -1 -1 -1 0 
56 20 757 386 85 213 -1 -1 -1 0 
56 23 410 377 69 161 -1 -1 -1 0 
56 24 284 348 63 247 -1 -1 -1 0 
56 25 195 333 114 325 -1 -1 -1 0 
57 20 778 388 79 223 -1 -1 -1 0 
57 23 426 367 65 182 -1 -1 -1 0 
57 24 292 368 65 238 -1 -1 -1 0 
58 3 200 333 115 306 -1 -1 -1 0 
58 20 784 385 83 246 -1 -1 -1 0 
58 23 429 374 72 180 -1 -1 -1 0 
58 24 300 365 68 236 -1 -1 -1 0 
59 3 201 323 111 319 -1 -1 -1 0 
59 20 777 391 92 203 -1 -1 -1 0 
59 23 427 383 74 168 -1 -1 -1 0 
59 24 297 354 65 247 -1 -1 -1 0 
60 3 197 327 103 339 -1 -1 -1 0 
60 20 783 385 85 214 -1 -1 -1 0 
60 23 430 372 76 179 -1 -1 -1 0 
60 24 289 340 68 258 -1 -1 -1 0 
61 3 193 330 101 344 -1 -1 -1 0 
61 20 781 377 92 266 -1 -1 -1 0 
61 23 433 374 73 181 -1 -1 -1 0 
62 20 802 363 91 275 -1 -1 -1 0 
62 23 448 372 74 185 -1 -1 -1 0 
62 24 291 355 66 246 -1 -1 -1 0 
62 25 197 325 100 356 -1 -1 -1 0 
63 20 816 371 91 266 -1 -1 -1 0 
63 23 466 374 60 185 -1 -1 -1 0 
63 24 296 339 72 254 -1 -1 -1 0 
63 25 189 304 117 364 -1 -1 -1 0 
64 3 208 306 101 291 -1 -1 -1 0 
64 20 826 371 87 254 -1 -1 -1 0 
64 23 467 358 80 186 -1 -1 -1 0 
64 24 300 334 70 249 -1 -1 -1 0 
65 3 204 308 109 299 -1 -1 -1 0 
65 20 840 366 96 271 -1 -1 -1 0 
65 23 479 353 60 180 -1 -1 -1 0 
65 24 305 348 65 241 -1 -1 -1 0 
66 3 223 311 98 332 -1 -1 -1 0 
66 20 844 367 113 277 -1 -1 -1 0 
66 23 481 354 84 203 -1 -1 -1 0 
66 24 309 347 73 242 -1 -1 -1 0 
67 3 224 311 97 336 -1 -1 -1 0 
67 20 861 375 117 293 -1 -1 -1 0 
67 23 494 370 99 190 -1 -1 -1 0 
68 3 239 283 124 351 -1 -1 -1 0 
68 20 909 396 93 244 -1 -1 -1 0 
68 23 527 373 90 187 -1 -1 -1 0 
68 24 349 342 73 246 -1 -1 -1 0 
69 3 287 274 120 382 -1 -1 -1 0 
69 20 957 379 108 244 -1 -1 -1 0 
69 23 579 345 85 212 -1 -1 -1 0 
69 24 392 333 71 254 -1 -1 -1 0 
70 3 325 291 113 364 -1 -1 -1 0 
70 20 982 389 97 288 -1 -1 -1 0 
70 23 613 365 94 194 -1 -1 -1 0 
70 24 420 329 80 265 -1 -1 -1 0 
71 3 344 301 132 331 -1 -1 -1 0 
71 20 1020 510 59 200 -1 -1 -1 0 
71 23 651 366 90 201 -1 -1 -1 0 
71 24 447 338 73 262 -1 -1 -1 0 
72 3 353 300 136 334 -1 -1 -1 0 
72 20 1037 524 42 199 -1 -1 -1 0 
73 3 391 283 102 357 -1 -1 -1 0 
73 23 686 369 89 203 -1 -1 -1 0 
73 24 471 333 78 265 -1 -1 -1 0 
74 3 405 286 109 327 -1 -1 -1 0 
74 23 703 368 98 201 -1 -1 -1 0 
74 24 490 347 70 253 -1 -1 -1 0 
75 3 414 287 115 324 -1 -1 -1 0 
75 23 723 365 101 206 -1 -1 -1 0 
75 24 503 337 82 263 -1 -1 -1 0 
76 3 425 286 117 323 -1 -1 -1 0 
76 23 758 361 89 220 -1 -1 -1 0 
76 24 517 341 79 265 -1 -1 -1 0 
77 23 785 357 97 209 -1 -1 -1 0 
77 24 535 325 78 267 -1 -1 -1 0 
78 3 457 269 119 348 -1 -1 -1 0 
78 23 803 356 100 211 -1 -1 -1 0 
79 3 462 277 107 332 -1 -1 -1 0 
79 24 547 323 86 265 -1 -1 -1 0 
80 3 460 259 113 348 -1 -1 -1 0 
80 23 828 337 99 223 -1 -1 -1 0 
80 24 549 314 73 270 -1 -1 -1 0 
81 3 470 255 114 351 -1 -1 -1 0 
81 23 818 344 97 222 -1 -1 -1 0 
81 24 535 323 71 264 -1 -1 -1 0 
82 23 810 352 86 222 -1 -1 -1 0 
82 24 517 346 77 252 -1 -1 -1 0 
83 3 427 279 113 316 -1 -1 -1 0 
83 23 817 351 94 224 -1 -1 -1 0 
83 24 519 335 70 255 -1 -1 -1 0 
84 3 432 278 113 315 -1 -1 -1 0 
84 23 820 346 105 224 -1 -1 -1 0 
85 23 833 333 104 230 -1 -1 -1 0 
85 24 528 316 72 268 -1 -1 -1 0 
86 23 843 330 108 232 -1 -1 -1 0 
86 24 519 311 72 296 -1 -1 -1 0 
87 24 513 322 73 277 -1 -1 -1 0 
88 3 403 282 147 328 -1 -1 -1 0 
89 3 408 275 122 329 -1 -1 -1 0 
89 23 852 327 102 247 -1 -1 -1 0 
89 24 507 322 81 280 -1 -1 -1 0 
90 3 406 298 122 322 -1 -1 -1 0 
90 23 841 334 106 246 -1 -1 -1 0 
91 3 401 319 110 329 -1 -1 -1 0 
91 23 847 333 108 249 -1 -1 -1 0 
92 3 388 295 130 331 -1 -1 -1 0 
92 24 486 344 71 273 -1 -1 -1 0 
93 3 386 303 135 312 -1 -1 -1 0 
93 23 858 342 106 247 -1 -1 -1 0 
93 24 481 352 75 265 -1 -1 -1 0 
94 3 384 305 137 310 -1 -1 -1 0 
94 23 865 342 106 249 -1 -1 -1 0 
95 24 475 329 72 285 -1 -1 -1 0 
96 24 470 341 76 272 -1 -1 -1 0 
97 3 348 287 138 328 -1 -1 -1 0 
98 3 336 284 143 335 -1 -1 -1 0 
99 3 334 270 151 341 -1 -1 -1 0 
99 23 908 300 87 286 -1 -1 -1 0 
100 3 328 268 154 343 -1 -1 -1 0 
100 23 902 305 92 278 -1 -1 -1 0 
101 3 309 273 127 359 -1 -1 -1 0 
101 23 903 311 89 278 -1 -1 -1 0 
101 24 418 340 77 278 -1 -1 -1 0 
102 3 301 272 127 362 -1 -1 -1 0 
102 23 906 310 99 277 -1 -1 -1 0 
102 24 409 344 73 267 -1 -1 -1 0 
103 3 279 279 135 355 -1 -1 -1 0 
103 23 905 306 110 286 -1 -1 -1 0 
103 24 403 348 72 268 -1 -1 -1 0 
104 3 276 290 136 347 -1 -1 -1 0 
104 23 907 311 118 286 -1 -1 -1 0 
105 3 269 272 138 354 -1 -1 -1 0 
105 23 915 321 130 278 -1 -1 -1 0 
105 24 399 329 78 276 -1 -1 -1 0 
106 3 262 256 146 380 -1 -1 -1 0 
106 23 935 297 138 299 -1 -1 -1 0 
106 24 395 326 81 276 -1 -1 -1 0 
107 3 248 254 145 386 -1 -1 -1 0 
107 23 957 290 119 293 -1 -1 -1 0 
107 24 388 307 80 299 -1 -1 -1 0 
108 3 239 252 147 390 -1 -1 -1 0 
108 23 952 336 126 258 -1 -1 -1 0 
108 24 369 312 85 291 -1 -1 -1 0 
109 23 944 275 128 305 -1 -1 -1 0 
109 24 354 303 88 309 -1 -1 -1 0 
109 25 214 254 151 384 -1 -1 -1 0 
110 23 933 262 144 322 -1 -1 -1 0 
110 24 315 315 98 300 -1 -1 -1 0 
110 25 198 263 122 373 -1 -1 -1 0 
111 3 157 259 146 390 -1 -1 -1 0 
111 23 918 277 133 306 -1 -1 -1 0 
111 24 300 335 94 297 -1 -1 -1 0 
111 25 186 260 121 377 -1 -1 -1 0 
112 3 138 279 144 380 -1 -1 -1 0 
112 23 923 267 145 324 -1 -1 -1 0 
112 24 282 328 94 308 -1 -1 -1 0 
113 3 122 280 145 382 -1 -1 -1 0 
113 23 973 292 97 325 -1 -1 -1 0 
113 24 263 334 114 311 -1 -1 -1 0 
114 23 957 305 122 324 -1 -1 -1 0 
114 24 267 325 102 319 -1 -1 -1 0 
114 25 127 274 136 358 -1 -1 -1 0 
115 23 959 305 120 330 -1 -1 -1 0 
115 24 247 329 119 324 -1 -1 -1 0 
116 3 118 401 151 343 -1 -1 -1 0 
116 24 267 428 99 307 -1 -1 -1 0 
117 3 124 460 165 345 -1 -1 -1 0 
117 24 297 503 93 289 -1 -1 -1 0 
118 3 118 476 166 343 -1 -1 -1 0 
119 3 153 528 131 313 -1 -1 -1 0 
119 24 319 560 92 285 -1 -1 -1 0 
120 3 149 556 129 339 -1 -1 -1 0 
120 24 306 575 94 287 -1 -1 -1 0 
121 3 120 515 160 394 -1 -1 -1 0 
121 24 307 553 91 296 -1 -1 -1 0 
122 3 140 539 156 349 -1 -1 -1 0 
122 24 323 565 94 288 -1 -1 -1 0 
123 3 154 495 147 368 -1 -1 -1 0 
123 24 336 520 101 301 -1 -1 -1 0 
124 3 136 396 171 397 -1 -1 -1 0 
124 24 341 461 93 296 -1 -1 -1 0 
125 3 151 376 163 385 -1 -1 -1 0 
125 24 345 415 99 317 -1 -1 -1 0 
126 3 149 398 159 336 -1 -1 -1 0 
126 24 345 415 96 306 -1 -1 -1 0 
127 3 109 326 174 365 -1 -1 -1 0 
127 24 317 354 99 311 -1 -1 -1 0 
128 3 104 314 177 368 -1 -1 -1 0 
129 3 77 353 172 367 -1 -1 -1 0 
129 24 290 376 99 313 -1 -1 -1 0 
130 3 69 348 175 369 -1 -1 -1 0 
131 3 21 267 195 422 -1 -1 -1 0 
131 24 261 308 111 334 -1 -1 -1 0 
132 3 11 268 195 460 -1 -1 -1 0 
132 24 266 316 108 335 -1 -1 -1 0 
133 3 22 286 162 405 -1 -1 -1 0 
133 24 288 324 104 332 -1 -1 -1 0 
134 3 40 250 182 412 -1 -1 -1 0 
134 24 306 296 101 341 -1 -1 -1 0 
135 3 60 248 175 423 -1 -1 -1 0 
135 24 329 272 102 358 -1 -1 -1 0 
136 3 83 274 166 373 -1 -1 -1 0 
136 24 353 319 100 329 -1 -1 -1 0 
137 3 99 301 166 384 -1 -1 -1 0 
137 24 360 335 110 337 -1 -1 -1 0 
138 3 92 319 178 386 -1 -1 -1 0 
138 24 354 349 106 326 -1 -1 -1 0 
139 3 91 311 168 404 -1 -1 -1 0 
139 24 348 339 108 344 -1 -1 -1 0 
140 3 96 345 159 358 -1 -1 -1 0 
140 24 353 365 100 343 -1 -1 -1 0 
141 3 108 353 167 342 -1 -1 -1 0 
141 24 367 382 115 337 -1 -1 -1 0 
142 3 112 357 167 338 -1 -1 -1 0 
142 24 377 353 106 349 -1 -1 -1 0 
143 3 106 307 172 375 -1 -1 -1 0 
143 24 375 331 106 359 -1 -1 -1 0 
144 3 105 313 168 359 -1 -1 -1 0 
144 24 367 344 117 345 -1 -1 -1 0 
145 3 81 284 190 376 -1 -1 -1 0 
145 24 372 350 108 334 -1 -1 -1 0 
146 3 88 298 168 373 -1 -1 -1 0 
146 24 363 318 118 363 -1 -1 -1 0 
147 3 82 302 180 370 -1 -1 -1 0 
147 24 364 338 119 352 -1 -1 -1 0 
148 3 84 282 179 427 -1 -1 -1 0 
148 24 366 330 122 359 -1 -1 -1 0 
149 3 107 299 153 383 -1 -1 -1 0 
149 24 384 323 113 368 -1 -1 -1 0 
150 3 108 295 176 371 -1 -1 -1 0 
150 24 402 341 112 351 -1 -1 -1 0 
151 3 110 293 178 372 -1 -1 -1 0 
152 3 155 302 154 363 -1 -1 -1 0 
152 24 439 351 108 357 -1 -1 -1 0 
153 3 172 390 148 284 -1 -1 -1 0 
153 24 446 350 121 360 -1 -1 -1 0 
154 3 172 312 158 347 -1 -1 -1 0 
154 24 450 356 122 356 -1 -1 -1 0 
155 3 182 319 158 345 -1 -1 -1 0 
155 24 455 347 128 363 -1 -1 -1 0 
156 3 204 308 149 366 -1 -1 -1 0 
156 24 468 348 125 366 -1 -1 -1 0 
157 3 214 313 162 326 -1 -1 -1 0 
157 24 491 347 135 364 -1 -1 -1 0 
158 3 239 307 161 341 -1 -1 -1 0 
158 24 515 357 117 365 -1 -1 -1 0 
159 3 256 324 151 349 -1 -1 -1 0 
159 24 529 355 119 374 -1 -1 -1 0 
160 3 268 331 143 373 -1 -1 -1 0 
160 24 544 355 122 368 -1 -1 -1 0 
161 3 278 333 136 360 -1 -1 -1 0 
161 24 550 358 131 372 -1 -1 -1 0 
162 3 275 327 166 357 -1 -1 -1 0 
162 24 558 360 129 377 -1 -1 -1 0 
163 3 291 342 149 356 -1 -1 -1 0 
163 24 563 362 132 382 -1 -1 -1 0 
164 3 281 311 171 370 -1 -1 -1 0 
164 24 573 361 122 381 -1 -1 -1 0 
165 3 282 315 173 373 -1 -1 -1 0 
165 24 582 352 119 393 -1 -1 -1 0 
166 3 304 342 151 367 -1 -1 -1 0 
166 24 578 358 131 382 -1 -1 -1 0 
167 3 306 316 157 365 -1 -1 -1 0 
167 24 591 333 127 389 -1 -1 -1 0 
168 3 312 287 159 389 -1 -1 -1 0 
168 24 585 297 150 406 -1 -1 -1 0 
169 3 318 283 162 394 -1 -1 -1 0 
170 3 284 302 159 361 -1 -1 -1 0 
170 24 572 317 134 392 -1 -1 -1 0 
171 3 289 306 141 356 -1 -1 -1 0 
171 24 568 307 137 413 -1 -1 -1 0 
172 3 282 305 154 372 -1 -1 -1 0 
172 24 576 328 129 400 -1 -1 -1 0 
173 3 284 304 156 374 -1 -1 -1 0 
174 3 283 317 140 353 -1 -1 -1 0 
174 24 557 322 139 414 -1 -1 -1 0 
175 3 254 292 169 370 -1 -1 -1 0 
175 24 555 328 129 412 -1 -1 -1 0 
176 3 273 348 138 329 -1 -1 -1 0 
176 24 547 331 146 419 -1 -1 -1 0 
177 3 277 358 133 329 -1 -1 -1 0 
177 24 551 329 144 424 -1 -1 -1 0 
178 3 283 345 150 356 -1 -1 -1 0 
178 24 555 328 135 432 -1 -1 -1 0 
179 3 284 348 152 357 -1 -1 -1 0 
180 3 258 343 162 335 -1 -1 -1 0 
180 24 544 332 142 418 -1 -1 -1 0 
181 3 251 341 156 338 -1 -1 -1 0 
181 24 533 318 143 440 -1 -1 -1 0 
182 3 248 351 164 313 -1 -1 -1 0 
182 24 524 328 167 419 -1 -1 -1 0 
183 3 252 344 143 317 -1 -1 -1 0 
183 24 525 319 162 438 -1 -1 -1 0 
184 3 243 368 158 309 -1 -1 -1 0 
184 24 510 310 165 444 -1 -1 -1 0 
185 3 241 372 159 306 -1 -1 -1 0 
186 3 203 346 168 329 -1 -1 -1 0 
186 24 478 314 170 438 -1 -1 -1 0 
187 3 198 352 163 336 -1 -1 -1 0 
187 24 471 310 165 460 -1 -1 -1 0 
188 3 172 346 180 338 -1 -1 -1 0 
188 24 459 316 154 452 -1 -1 -1 0 
189 3 180 322 145 371 -1 -1 -1 0 
189 24 453 272 155 486 -1 -1 -1 0 
190 3 183 326 159 330 -1 -1 -1 0 
190 24 442 263 164 483 -1 -1 -1 0 
191 3 176 324 163 330 -1 -1 -1 0 
192 3 174 334 167 373 -1 -1 -1 0 
192 24 436 282 161 474 -1 -1 -1 0 
193 3 167 333 172 379 -1 -1 -1 0 
194 3 190 317 147 336 -1 -1 -1 0 
194 24 437 257 165 504 -1 -1 -1 0 
195 3 192 335 147 331 -1 -1 -1 0 
195 24 428 254 176 497 -1 -1 -1 0 
196 3 208 330 146 321 -1 -1 -1 0 
196 24 439 287 174 488 -1 -1 -1 0 
197 3 225 335 138 307 -1 -1 -1 0 
197 24 464 275 166 491 -1 -1 -1 0 
198 3 238 337 114 340 -1 -1 -1 0 
198 24 464 286 165 499 -1 -1 -1 0 
199 3 240 338 112 341 -1 -1 -1 0 
200 3 224 317 137 369 -1 -1 -1 0 
200 24 454 271 178 517 -1 -1 -1 0 
201 3 236 304 152 347 -1 -1 -1 0 
201 24 465 279 177 515 -1 -1 -1 0 
202 3 257 287 133 343 -1 -1 -1 0 
202 24 480 278 182 520 -1 -1 -1 0 
203 3 289 299 132 313 -1 -1 -1 0 
203 24 515 247 175 558 -1 -1 -1 0 
204 3 311 274 128 334 -1 -1 -1 0 
204 24 534 258 178 556 -1 -1 -1 0 
205 3 338 311 120 338 -1 -1 -1 0 
205 24 543 255 195 572 -1 -1 -1 0 
206 3 357 319 103 350 -1 -1 -1 0 
206 24 562 277 188 564 -1 -1 -1 0 
207 3 372 301 139 341 -1 -1 -1 0 
207 24 577 262 207 575 -1 -1 -1 0 
208 3 390 318 139 322 -1 -1 -1 0 
208 24 585 274 214 573 -1 -1 -1 0 
209 3 400 319 143 321 -1 -1 -1 0 
210 3 414 309 147 320 -1 -1 -1 0 
210 24 618 266 202 594 -1 -1 -1 0 
211 3 418 316 149 336 -1 -1 -1 0 
212 3 446 310 132 323 -1 -1 -1 0 
212 24 640 278 208 602 -1 -1 -1 0 
213 3 457 310 134 322 -1 -1 -1 0 
214 3 448 345 135 292 -1 -1 -1 0 
214 24 651 277 210 632 -1 -1 -1 0 
215 3 450 356 118 293 -1 -1 -1 0 
215 24 647 268 288 665 -1 -1 -1 0 
216 3 449 387 141 299 -1 -1 -1 0 
216 24 651 282 232 660 -1 -1 -1 0 
217 3 457 380 131 293 -1 -1 -1 0 
217 24 651 289 233 678 -1 -1 -1 0 
217 37 389 446 35 123 -1 -1 -1 0 
218 3 464 386 133 291 -1 -1 -1 0 
218 24 651 307 237 637 -1 -1 -1 0 
219 3 464 395 106 291 -1 -1 -1 0 
219 24 647 286 242 697 -1 -1 -1 0 
220 3 468 384 119 290 -1 -1 -1 0 
220 24 655 326 246 651 -1 -1 -1 0 
221 3 491 355 109 282 -1 -1 -1 0 
221 24 671 282 261 697 -1 -1 -1 0 
222 3 499 355 109 280 -1 -1 -1 0 
223 24 670 115 275 824 -1 -1 -1 0 
223 37 337 355 44 150 -1 -1 -1 0 
224 24 694 122 268 824 -1 -1 -1 0 
224 37 327 341 52 164 -1 -1 -1 0 
225 24 692 163 303 784 -1 -1 -1 0 
225 37 342 361 46 153 -1 -1 -1 0 
226 3 510 276 112 325 -1 -1 -1 0 
226 24 710 120 293 845 -1 -1 -1 0 
227 3 516 268 113 329 -1 -1 -1 0 
227 24 713 55 341 922 -1 -1 -1 0 
228 3 514 245 125 355 -1 -1 -1 0 
228 24 743 69 324 942 -1 -1 -1 0 
229 3 520 305 132 309 -1 -1 -1 0 
229 24 748 114 326 938 -1 -1 -1 0 
230 3 545 337 110 297 -1 -1 -1 0 
230 24 756 121 323 972 -1 -1 -1 0 
231 3 557 361 111 272 -1 -1 -1 0 
231 24 771 140 308 960 -1 -1 -1 0 
232 3 556 368 108 259 -1 -1 -1 0 
232 24 756 120 323 1012 -1 -1 -1 0 
232 37 334 386 55 206 -1 -1 -1 0 
233 3 550 374 114 272 -1 -1 -1 0 
233 24 751 139 328 1010 -1 -1 -1 0 
233 37 324 415 59 183 -1 -1 -1 0 
234 3 547 385 118 274 -1 -1 -1 0 
234 24 770 121 309 1034 -1 -1 -1 0 
235 3 548 373 119 282 -1 -1 -1 0 
235 24 785 107 294 1031 -1 -1 -1 0 
236 3 552 355 124 293 -1 -1 -1 0 
236 24 789 87 290 1107 -1 -1 -1 0 
237 3 543 339 120 310 -1 -1 -1 0 
237 24 789 76 290 1122 -1 -1 -1 0 
237 44 266 415 82 200 -1 -1 -1 0 
238 3 535 330 123 290 -1 -1 -1 0 
238 24 788 92 291 1121 -1 -1 -1 0 
238 44 250 403 70 193 -1 -1 -1 0 
239 3 528 369 128 263 -1 -1 -1 0 
239 24 779 59 300 1162 -1 -1 -1 0 
239 44 227 407 73 204 -1 -1 -1 0 
240 3 526 335 117 265 -1 -1 -1 0 
240 24 803 38 276 1190 -1 -1 -1 0 
240 44 184 378 100 218 -1 -1 -1 0 
241 3 528 324 125 290 -1 -1 -1 0 
241 24 813 19 266 1200 -1 -1 -1 0 
241 44 178 361 103 228 -1 -1 -1 0 
242 3 527 316 117 289 -1 -1 -1 0 
242 24 817 119 262 1128 -1 -1 -1 0 
242 44 164 357 101 238 -1 -1 -1 0 
243 3 535 319 114 278 -1 -1 -1 0 
243 24 827 78 248 1251 -1 -1 -1 0 
243 44 155 326 101 256 -1 -1 -1 0 
244 3 541 315 115 285 -1 -1 -1 0 
244 24 838 147 241 1148 -1 -1 -1 0 
244 44 126 335 127 267 -1 -1 -1 0 
245 3 551 318 114 269 -1 -1 -1 0 
245 24 858 163 221 1160 -1 -1 -1 0 
246 3 564 327 109 274 -1 -1 -1 0 
246 24 879 194 200 1140 -1 -1 -1 0 
246 44 106 332 133 287 -1 -1 -1 0 
247 3 569 314 113 297 -1 -1 -1 0 
247 24 889 202 190 1149 -1 -1 -1 0 
248 3 582 324 118 272 -1 -1 -1 0 
248 44 76 314 149 311 -1 -1 -1 0 
249 3 603 307 122 290 -1 -1 -1 0 
249 44 97 325 129 320 -1 -1 -1 0 
250 3 618 324 125 286 -1 -1 -1 0 
250 44 75 329 147 338 -1 -1 -1 0 
251 3 631 342 122 280 -1 -1 -1 0 
251 44 29 314 173 373 -1 -1 -1 0 
252 3 636 319 113 300 -1 -1 -1 0 
252 44 2 302 168 394 -1 -1 -1 0 
253 3 632 326 127 294 -1 -1 -1 0 
253 44 0 304 145 402 -1 -1 -1 0 
254 3 621 325 114 301 -1 -1 -1 0 
254 44 4 300 95 429 -1 -1 -1 0 
255 3 613 320 121 312 -1 -1 -1 0 
256 3 620 321 109 291 -1 -1 -1 0 
257 3 623 320 109 292 -1 -1 -1 0 
258 3 634 314 111 295 -1 -1 -1 0 
259 3 624 332 117 286 -1 -1 -1 0 
260 3 632 328 95 278 -1 -1 -1 0 
261 3 603 328 113 310 -1 -1 -1 0 
261 46 111 453 45 129 -1 -1 -1 0 
262 3 594 315 119 304 -1 -1 -1 0 
264 3 601 338 101 298 -1 -1 -1 0 
265 3 582 346 122 285 -1 -1 -1 0 
266 3 580 344 121 293 -1 -1 -1 0 
266 47 52 436 51 136 -1 -1 -1 0 
267 3 576 346 124 294 -1 -1 -1 0 
268 46 23 452 52 124 -1 -1 -1 0 
269 3 591 326 124 289 -1 -1 -1 0 
270 3 597 320 126 293 -1 -1 -1 0 
271 3 616 325 129 283 -1 -1 -1 0 
273 3 656 300 126 289 -1 -1 -1 0 
274 3 663 307 129 310 -1 -1 -1 0 
276 3 658 300 131 304 -1 -1 -1 0 
277 3 644 303 131 292 -1 -1 -1 0 
278 3 641 297 127 281 -1 -1 -1 0 
279 3 629 312 131 286 -1 -1 -1 0 
280 3 656 306 99 293 -1 -1 -1 0 
282 3 612 311 126 274 -1 -1 -1 0 
283 3 603 322 118 307 -1 -1 -1 0 
284 3 590 319 128 320 -1 -1 -1 0 
285 3 587 314 123 327 -1 -1 -1 0 
286 3 571 309 123 310 -1 -1 -1 0 
287 3 559 326 113 301 -1 -1 -1 0 
288 3 543 326 121 302 -1 -1 -1 0 
289 3 532 331 127 274 -1 -1 -1 0 
290 3 523 301 121 297 -1 -1 -1 0 
291 3 508 322 121 290 -1 -1 -1 0 
292 3 505 338 116 283 -1 -1 -1 0 
294 3 496 313 96 292 -1 -1 -1 0 
295 3 475 313 119 292 -1 -1 -1 0 
296 3 484 324 125 291 -1 -1 -1 0 
297 3 496 326 124 291 -1 -1 -1 0 
298 3 505 318 126 316 -1 -1 -1 0 
299 3 493 326 118 283 -1 -1 -1 0 
300 3 490 334 118 270 -1 -1 -1 0 
301 3 490 320 109 287 -1 -1 -1 0 
302 3 484 329 116 317 -1 -1 -1 0 
303 3 492 322 117 290 -1 -1 -1 0 
304 3 515 348 94 299 -1 -1 -1 0 
305 3 489 337 125 293 -1 -1 -1 0 
306 3 499 360 107 273 -1 -1 -1 0 
308 3 485 354 99 260 -1 -1 -1 0 
309 3 475 335 105 281 -1 -1 -1 0 
310 3 482 348 103 267 -1 -1 -1 0 
311 3 484 330 105 271 -1 -1 -1 0 
312 3 486 337 103 264 -1 -1 -1 0 
315 3 482 344 105 266 -1 -1 -1 0 
316 3 498 347 90 285 -1 -1 -1 0 
317 3 489 304 109 304 -1 -1 -1 0 
318 3 487 321 113 292 -1 -1 -1 0 
320 3 501 340 85 270 -1 -1 -1 0 
321 3 493 348 107 278 -1 -1 -1 0 
322 3 490 332 108 273 -1 -1 -1 0 
323 3 494 335 101 264 -1 -1 -1 0 
324 3 491 334 105 262 -1 -1 -1 0 
325 3 500 354 96 269 -1 -1 -1 0 
326 3 497 345 100 280 -1 -1 -1 0 
327 3 501 333 94 305 -1 -1 -1 0 
328 3 501 332 100 293 -1 -1 -1 0 
329 3 502 311 94 320 -1 -1 -1 0 
330 3 501 315 102 314 -1 -1 -1 0 
331 3 501 335 96 265 -1 -1 -1 0 
332 3 504 343 91 246 -1 -1 -1 0 
333 3 499 367 105 234 -1 -1 -1 0 
336 3 495 347 99 257 -1 -1 -1 0 
337 3 499 339 87 293 -1 -1 -1 0 
338 3 485 355 98 277 -1 -1 -1 0 
339 3 479 339 93 293 -1 -1 -1 0 
340 3 474 335 97 276 -1 -1 -1 0 
341 3 465 322 102 277 -1 -1 -1 0 
342 3 452 319 96 272 -1 -1 -1 0 
343 3 431 311 103 299 -1 -1 -1 0 
346 3 423 308 107 303 -1 -1 -1 0 
347 3 361 343 93 263 -1 -1 -1 0 
348 3 358 329 98 271 -1 -1 -1 0 
349 3 367 329 96 285 -1 -1 -1 0 
350 3 364 348 102 264 -1 -1 -1 0 
351 3 362 337 98 263 -1 -1 -1 0 
352 3 346 333 96 259 -1 -1 -1 0 
353 3 337 340 97 257 -1 -1 -1 0 
354 3 324 322 91 278 -1 -1 -1 0 
355 3 321 321 88 279 -1 -1 -1 0 
356 3 318 347 92 265 -1 -1 -1 0 
357 3 313 344 97 263 -1 -1 -1 0 
360 3 335 349 83 242 -1 -1 -1 0 
361 3 355 358 83 227 -1 -1 -1 0 
362 3 359 317 82 264 -1 -1 -1 0 
363 3 358 304 79 268 -1 -1 -1 0 
364 3 360 302 85 268 -1 -1 -1 0 
366 3 371 352 85 240 -1 -1 -1 0 
367 3 374 331 77 271 -1 -1 -1 0 
368 3 383 344 73 265 -1 -1 -1 0 
369 3 370 368 94 230 -1 -1 -1 0 
370 3 370 371 82 240 -1 -1 -1 0 
371 3 367 366 82 243 -1 -1 -1 0 
373 3 365 356 87 230 -1 -1 -1 0 
374 3 367 349 86 244 -1 -1 -1 0 
375 3 368 375 79 226 -1 -1 -1 0 
376 3 365 369 82 230 -1 -1 -1 0 
377 3 364 348 86 253 -1 -1 -1 0 
378 3 345 337 91 273 -1 -1 -1 0 
379 3 355 335 93 275 -1 -1 -1 0 
380 3 364 338 81 272 -1 -1 -1 0 
381 3 354 342 100 260 -1 -1 -1 0 
382 3 366 346 85 261 -1 -1 -1 0 
383 3 373 352 85 255 -1 -1 -1 0 
384 3 379 364 86 243 -1 -1 -1 0 
385 3 380 364 86 237 -1 -1 -1 0 
387 3 389 346 81 237 -1 -1 -1 0 
388 3 396 363 88 245 -1 -1 -1 0 
389 3 406 381 78 240 -1 -1 -1 0 
390 3 393 357 91 267 -1 -1 -1 0 
392 3 384 300 91 269 -1 -1 -1 0 
393 3 378 306 94 268 -1 -1 -1 0 
397 3 373 315 94 271 -1 -1 -1 0 
398 3 380 318 89 259 -1 -1 -1 0 
399 3 383 340 86 261 -1 -1 -1 0 
401 3 398 412 70 207 -1 -1 -1 0 
402 3 382 322 89 264 -1 -1 -1 0 
403 3 393 326 80 275 -1 -1 -1 0 
404 3 389 332 82 266 -1 -1 -1 0 
405 3 392 343 81 242 -1 -1 -1 0 
407 3 409 342 80 241 -1 -1 -1 0 
408 3 411 317 88 260 -1 -1 -1 0 
409 3 426 336 82 252 -1 -1 -1 0 
410 3 438 337 86 253 -1 -1 -1 0 
412 3 459 340 75 261 -1 -1 -1 0 
414 3 453 350 87 238 -1 -1 -1 0 
415 3 458 330 80 256 -1 -1 -1 0 
417 3 459 341 88 238 -1 -1 -1 0 
418 3 466 348 77 234 -1 -1 -1 0 
420 3 466 339 80 268 -1 -1 -1 0 
421 3 462 340 74 253 -1 -1 -1 0 
422 3 462 371 85 232 -1 -1 -1 0 
425 3 466 361 84 235 -1 -1 -1 0 
426 3 470 371 78 208 -1 -1 -1 0 
428 3 463 349 77 221 -1 -1 -1 0 
429 3 459 375 76 203 -1 -1 -1 0 
430 3 457 353 76 235 -1 -1 -1 0 
432 3 435 361 83 237 -1 -1 -1 0 
433 3 430 347 82 263 -1 -1 -1 0 
436 3 428 367 79 228 -1 -1 -1 0 
437 3 426 361 78 219 -1 -1 -1 0 
438 3 428 370 84 218 -1 -1 -1 0 
439 3 429 379 79 200 -1 -1 -1 0 
440 3 421 372 79 223 -1 -1 -1 0 
443 3 412 427 69 182 -1 -1 -1 0 
444 3 413 381 68 247 -1 -1 -1 0 
445 3 409 373 73 232 -1 -1 -1 0 
446 3 395 345 80 252 -1 -1 -1 0 
447 3 391 346 87 247 -1 -1 -1 0 
448 3 398 357 76 243 -1 -1 -1 0 
449 3 390 363 92 219 -1 -1 -1 0 
450 3 398 382 75 206 -1 -1 -1 0 
452 3 407 365 80 223 -1 -1 -1 0 
454 3 406 364 82 225 -1 -1 -1 0 
455 3 405 362 87 253 -1 -1 -1 0 
456 3 411 352 75 265 -1 -1 -1 0 
457 3 401 328 88 257 -1 -1 -1 0 
458 3 402 336 78 250 -1 -1 -1 0 
460 3 405 361 71 202 -1 -1 -1 0 
461 3 400 321 77 252 -1 -1 -1 0 
463 3 403 343 77 241 -1 -1 -1 0 
466 3 419 379 74 215 -1 -1 -1 0 
469 3 416 352 80 240 -1 -1 -1 0 
470 3 428 358 80 248 -1 -1 -1 0 
472 3 444 362 78 250 -1 -1 -1 0 
474 3 448 374 83 245 -1 -1 -1 0 
475 3 447 357 90 235 -1 -1 -1 0 
476 3 461 380 81 215 -1 -1 -1 0 
478 3 466 362 84 249 -1 -1 -1 0 
479 3 476 386 79 210 -1 -1 -1 0 
480 3 481 380 77 206 -1 -1 -1 0 
481 3 480 334 80 244 -1 -1 -1 0 
482 3 486 368 77 204 -1 -1 -1 0 
483 3 491 346 78 252 -1 -1 -1 0 
484 3 504 381 69 212 -1 -1 -1 0 
485 3 493 339 87 245 -1 -1 -1 0 
487 3 499 352 71 259 -1 -1 -1 0 
488 3 492 352 73 228 -1 -1 -1 0 
490 3 504 352 77 219 -1 -1 -1 0 
491 3 498 354 91 213 -1 -1 -1 0 
492 3 516 390 74 191 -1 -1 -1 0 
495 3 528 373 68 204 -1 -1 -1 0 
496 3 545 434 50 171 -1 -1 -1 0 
501 3 534 372 73 201 -1 -1 -1 0 
502 3 538 354 69 234 -1 -1 -1 0 
503 3 539 366 72 210 -1 -1 -1 0 
504 3 549 396 54 202 -1 -1 -1 0 
506 3 552 371 62 209 -1 -1 -1 0 
508 3 548 363 78 220 -1 -1 -1 0 
510 3 551 351 70 239 -1 -1 -1 0 
511 3 546 359 65 234 -1 -1 -1 0 
513 3 535 347 67 248 -1 -1 -1 0 
514 3 525 361 76 212 -1 -1 -1 0 
515 3 519 361 70 222 -1 -1 -1 0 
516 3 520 369 70 222 -1 -1 -1 0 
517 3 515 356 78 245 -1 -1 -1 0 
518 3 518 360 75 243 -1 -1 -1 0 
519 3 511 380 89 241 -1 -1 -1 0 
525 3 485 349 77 224 -1 -1 -1 0 
526 3 478 338 78 235 -1 -1 -1 0 
527 3 469 366 74 207 -1 -1 -1 0 
528 3 459 362 73 211 -1 -1 -1 0 
529 3 458 365 70 216 -1 -1 -1 0 
531 3 448 334 69 263 -1 -1 -1 0 
533 3 441 348 72 234 -1 -1 -1 0 
535 3 438 357 74 225 -1 -1 -1 0 
536 3 426 339 74 253 -1 -1 -1 0 
537 3 427 367 67 209 -1 -1 -1 0 
539 3 406 349 71 240 -1 -1 -1 0 
540 3 410 368 89 226 -1 -1 -1 0 
541 3 421 352 70 248 -1 -1 -1 0 
542 3 427 342 74 260 -1 -1 -1 0 
543 3 420 355 76 229 -1 -1 -1 0 
544 3 422 346 76 233 -1 -1 -1 0 
545 3 424 371 71 220 -1 -1 -1 0 
546 3 425 387 78 213 -1 -1 -1 0 
548 3 435 366 66 236 -1 -1 -1 0 
549 3 429 365 72 226 -1 -1 -1 0 
550 3 435 358 68 251 -1 -1 -1 0 
553 3 452 345 68 266 -1 -1 -1 0 
554 3 452 344 72 249 -1 -1 -1 0 
555 3 452 346 77 238 -1 -1 -1 0 
557 3 461 332 80 266 -1 -1 -1 0 
559 3 485 347 75 245 -1 -1 -1 0 
560 3 491 342 76 258 -1 -1 -1 0 
561 3 506 337 76 259 -1 -1 -1 0 
562 3 514 366 77 226 -1 -1 -1 0 
563 3 520 352 73 257 -1 -1 -1 0 
564 3 525 378 76 238 -1 -1 -1 0 
565 3 526 348 81 257 -1 -1 -1 0 
569 3 541 345 89 233 -1 -1 -1 0 
570 3 548 330 82 234 -1 -1 -1 0 
571 3 554 353 88 219 -1 -1 -1 0 
572 3 558 360 86 226 -1 -1 -1 0 
575 3 540 366 81 213 -1 -1 -1 0 
577 3 525 361 82 215 -1 -1 -1 0 
578 3 518 322 76 249 -1 -1 -1 0 
579 3 513 354 79 216 -1 -1 -1 0 
580 3 498 364 81 202 -1 -1 -1 0 
583 3 496 365 82 200 -1 -1 -1 0 
584 3 457 377 71 224 -1 -1 -1 0 
587 3 428 344 84 263 -1 -1 -1 0 
589 3 441 382 76 250 -1 -1 -1 0 
590 3 426 365 77 240 -1 -1 -1 0 
592 3 417 365 79 244 -1 -1 -1 0 
595 3 371 368 85 252 -1 -1 -1 0 
596 3 372 372 79 247 -1 -1 -1 0 
597 3 379 335 80 267 -1 -1 -1 0 
599 3 411 345 83 242 -1 -1 -1 0 
601 3 450 369 75 217 -1 -1 -1 0 
602 3 450 380 76 224 -1 -1 -1 0 
603 3 435 363 81 250 -1 -1 -1 0 
604 3 439 389 83 243 -1 -1 -1 0 
606 3 440 392 83 245 -1 -1 -1 0 
607 3 413 343 78 257 -1 -1 -1 0 
608 3 413 361 93 215 -1 -1 -1 0 
609 3 425 353 74 239 -1 -1 -1 0 
610 3 418 340 77 247 -1 -1 -1 0 
612 3 418 362 84 220 -1 -1 -1 0 
613 3 432 373 70 211 -1 -1 -1 0 
615 3 428 373 61 214 -1 -1 -1 0 
616 3 434 334 75 236 -1 -1 -1 0 
617 3 444 358 70 225 -1 -1 -1 0 
618 3 441 362 80 223 -1 -1 -1 0 
619 3 438 359 71 230 -1 -1 -1 0 
620 3 431 361 88 228 -1 -1 -1 0 
621 3 441 383 73 221 -1 -1 -1 0 
622 3 439 385 72 197 -1 -1 -1 0 
623 3 434 378 75 209 -1 -1 -1 0 
624 3 437 380 73 207 -1 -1 -1 0 
625 3 426 363 90 223 -1 -1 -1 0 
626 3 428 370 90 225 -1 -1 -1 0 
627 3 427 357 86 249 -1 -1 -1 0 
629 3 419 357 97 253 -1 -1 -1 0 
630 3 429 377 80 224 -1 -1 -1 0 
631 3 429 365 74 229 -1 -1 -1 0 
633 3 432 364 80 212 -1 -1 -1 0 
634 3 433 330 84 248 -1 -1 -1 0 
635 3 431 377 88 197 -1 -1 -1 0 
636 3 447 376 78 195 -1 -1 -1 0 
637 3 431 346 100 240 -1 -1 -1 0 
638 3 424 330 99 260 -1 -1 -1 0 
640 3 436 374 80 201 -1 -1 -1 0 
641 3 429 377 78 213 -1 -1 -1 0 
642 3 433 386 67 211 -1 -1 -1 0 
643 3 433 383 75 212 -1 -1 -1 0 
644 3 424 366 85 213 -1 -1 -1 0 
645 3 440 394 70 190 -1 -1 -1 0 
646 3 430 364 84 221 -1 -1 -1 0 
647 3 443 371 78 199 -1 -1 -1 0 
648 3 434 359 87 213 -1 -1 -1 0 
649 3 444 385 75 205 -1 -1 -1 0 
650 3 453 374 82 226 -1 -1 -1 0 
651 3 438 372 92 219 -1 -1 -1 0 
652 3 453 380 75 221 -1 -1 -1 0 
653 3 446 380 79 213 -1 -1 -1 0 
655 3 426 370 78 215 -1 -1 -1 0 
656 3 427 382 82 207 -1 -1 -1 0 
657 3 440 379 76 200 -1 -1 -1 0 
658 3 429 383 73 201 -1 -1 -1 0 
659 3 426 363 81 201 -1 -1 -1 0 
660 3 421 363 83 217 -1 -1 -1 0 
661 3 423 391 77 196 -1 -1 -1 0 
661 69 561 412 39 89 -1 -1 -1 0 
662 3 427 380 73 207 -1 -1 -1 0 
662 69 566 394 37 91 -1 -1 -1 0 
663 3 423 392 78 200 -1 -1 -1 0 
664 3 419 391 78 203 -1 -1 -1 0 
665 3 420 372 80 223 -1 -1 -1 0 
665 69 556 414 33 95 -1 -1 -1 0 
666 3 418 384 75 208 -1 -1 -1 0 
667 3 414 390 74 199 -1 -1 -1 0 
667 69 550 417 32 95 -1 -1 -1 0 
668 3 407 381 81 192 -1 -1 -1 0 
670 3 388 381 75 208 -1 -1 -1 0 
671 3 368 367 85 218 -1 -1 -1 0 
672 3 360 381 86 205 -1 -1 -1 0 
672 69 516 406 30 103 -1 -1 -1 0 
673 3 365 390 73 200 -1 -1 -1 0 
674 3 354 396 73 206 -1 -1 -1 0 
674 69 502 390 39 103 -1 -1 -1 0 
675 3 355 399 72 220 -1 -1 -1 0 
676 3 339 371 80 231 -1 -1 -1 0 
676 69 493 401 38 102 -1 -1 -1 0 
677 3 341 407 70 209 -1 -1 -1 0 
677 69 488 425 35 99 -1 -1 -1 0 
679 3 306 365 90 209 -1 -1 -1 0 
680 3 301 346 83 204 -1 -1 -1 0 
681 3 295 362 89 192 -1 -1 -1 0 
683 3 292 365 82 239 -1 -1 -1 0 
684 3 313 389 76 212 -1 -1 -1 0 
685 3 315 398 69 244 -1 -1 -1 0 
686 3 304 409 86 214 -1 -1 -1 0 
686 69 476 442 38 103 -1 -1 -1 0 
687 3 283 354 98 247 -1 -1 -1 0 
688 3 280 320 88 251 -1 -1 -1 0 
688 69 469 384 32 111 -1 -1 -1 0 
689 3 290 357 81 211 -1 -1 -1 0 
690 3 306 338 81 214 -1 -1 -1 0 
690 69 473 369 38 110 -1 -1 -1 0 
691 3 293 332 87 229 -1 -1 -1 0 
691 69 484 374 39 113 -1 -1 -1 0 
692 3 308 353 83 219 -1 -1 -1 0 
693 3 313 353 86 219 -1 -1 -1 0 
694 3 316 369 90 213 -1 -1 -1 0 
694 69 502 393 37 115 -1 -1 -1 0 
695 3 325 337 94 244 -1 -1 -1 0 
696 3 348 342 89 233 -1 -1 -1 0 
697 3 371 354 78 218 -1 -1 -1 0 
698 3 368 375 86 214 -1 -1 -1 0 
699 3 358 363 88 214 -1 -1 -1 0 
700 3 363 366 76 212 -1 -1 -1 0 
701 3 363 371 72 197 -1 -1 -1 0 
702 3 381 366 72 192 -1 -1 -1 0 
703 3 409 360 73 186 -1 -1 -1 0 
704 3 409 352 80 237 -1 -1 -1 0 
705 3 409 375 83 218 -1 -1 -1 0 
706 3 414 375 84 222 -1 -1 -1 0 
707 69 606 411 38 129 -1 -1 -1 0 
710 3 433 365 91 249 -1 -1 -1 0 
711 3 451 366 94 218 -1 -1 -1 0 
712 3 456 349 88 251 -1 -1 -1 0 
713 3 458 386 87 195 -1 -1 -1 0 
714 3 484 392 70 191 -1 -1 -1 0 
715 3 490 380 74 193 -1 -1 -1 0 
716 3 477 370 88 214 -1 -1 -1 0 
717 3 489 373 76 218 -1 -1 -1 0 
718 3 487 365 77 220 -1 -1 -1 0 
719 3 486 383 70 229 -1 -1 -1 0 
720 3 490 384 70 232 -1 -1 -1 0 
722 3 488 373 69 223 -1 -1 -1 0 
722 75 439 428 28 75 -1 -1 -1 0 
723 3 487 374 69 195 -1 -1 -1 0 
723 75 432 417 36 75 -1 -1 -1 0 
723 76 137 402 40 104 -1 -1 -1 0 
724 3 491 358 73 194 -1 -1 -1 0 
724 75 433 396 39 87 -1 -1 -1 0 
725 3 505 366 63 203 -1 -1 -1 0 
725 75 440 422 40 86 -1 -1 -1 0 
726 3 492 417 69 204 -1 -1 -1 0 
726 75 440 421 41 89 -1 -1 -1 0 
727 3 499 431 57 183 -1 -1 -1 0 
728 3 493 411 67 201 -1 -1 -1 0 
728 79 421 455 41 71 -1 -1 -1 0 
729 3 474 367 74 222 -1 -1 -1 0 
730 3 475 369 61 226 -1 -1 -1 0 
731 3 474 330 72 262 -1 -1 -1 0 
732 3 473 324 73 269 -1 -1 -1 0 
733 3 469 353 69 224 -1 -1 -1 0 
734 3 465 355 69 220 -1 -1 -1 0 
735 3 464 362 76 208 -1 -1 -1 0 
736 3 463 362 76 207 -1 -1 -1 0 
737 3 447 377 81 204 -1 -1 -1 0 
738 3 441 346 87 244 -1 -1 -1 0 
740 3 438 343 89 249 -1 -1 -1 0 
741 3 438 360 75 221 -1 -1 -1 0 
742 3 427 342 77 239 -1 -1 -1 0 
742 75 300 404 43 89 -1 -1 -1 0 
743 3 419 369 82 214 -1 -1 -1 0 
743 75 291 416 48 93 -1 -1 -1 0 
745 3 414 350 82 214 -1 -1 -1 0 
746 3 431 378 61 191 -1 -1 -1 0 
747 3 428 380 61 189 -1 -1 -1 0 
748 3 407 362 96 213 -1 -1 -1 0 
749 3 412 370 81 221 -1 -1 -1 0 
750 3 402 324 92 270 -1 -1 -1 0 
751 3 397 359 98 254 -1 -1 -1 0 
751 75 257 440 36 100 -1 -1 -1 0 
752 3 421 392 62 207 -1 -1 -1 0 
752 75 253 431 39 97 -1 -1 -1 0 
753 3 402 403 80 201 -1 -1 -1 0 
753 75 228 438 40 93 -1 -1 -1 0 
754 3 393 397 76 215 -1 -1 -1 0 
754 75 217 426 43 109 -1 -1 -1 0 
755 3 380 363 80 235 -1 -1 -1 0 
755 75 205 450 58 108 -1 -1 -1 0 
756 3 387 404 81 209 -1 -1 -1 0 
756 75 201 454 57 108 -1 -1 -1 0 
757 3 391 411 71 181 -1 -1 -1 0 
757 75 183 445 58 104 -1 -1 -1 0 
758 3 374 351 82 214 -1 -1 -1 0 
759 3 371 339 83 223 -1 -1 -1 0 
760 3 375 361 82 216 -1 -1 -1 0 
761 3 370 373 78 213 -1 -1 -1 0 
762 3 368 360 80 219 -1 -1 -1 0 
763 3 366 360 79 237 -1 -1 -1 0 
764 3 362 359 81 241 -1 -1 -1 0 
765 3 365 379 61 232 -1 -1 -1 0 
766 3 356 367 87 240 -1 -1 -1 0 
767 3 365 379 82 215 -1 -1 -1 0 
768 3 363 350 81 225 -1 -1 -1 0 
768 90 102 405 53 126 -1 -1 -1 0 
769 3 352 351 92 230 -1 -1 -1 0 
770 3 344 361 87 226 -1 -1 -1 0 
771 3 356 367 81 235 -1 -1 -1 0 
772 3 354 359 79 228 -1 -1 -1 0 
773 3 337 354 98 226 -1 -1 -1 0 
774 3 357 358 92 239 -1 -1 -1 0 
775 3 350 349 103 235 -1 -1 -1 0 
776 3 375 354 93 221 -1 -1 -1 0 
776 75 70 396 39 124 -1 -1 -1 0 
777 3 370 342 102 242 -1 -1 -1 0 
777 75 76 405 36 123 -1 -1 -1 0 
778 3 384 350 100 235 -1 -1 -1 0 
779 3 398 358 96 224 -1 -1 -1 0 
780 3 406 365 95 218 -1 -1 -1 0 
781 3 412 339 95 223 -1 -1 -1 0 
782 3 409 312 100 271 -1 -1 -1 0 
783 3 421 343 99 249 -1 -1 -1 0 
784 3 429 351 95 229 -1 -1 -1 0 
785 3 439 344 91 233 -1 -1 -1 0 
786 3 453 353 91 229 -1 -1 -1 0 
787 3 469 341 86 241 -1 -1 -1 0 
788 3 471 324 96 252 -1 -1 -1 0 
789 3 492 331 85 239 -1 -1 -1 0 
790 3 492 342 97 250 -1 -1 -1 0 
791 3 498 322 103 256 -1 -1 -1 0 
792 3 501 295 94 270 -1 -1 -1 0 
793 3 521 360 92 253 -1 -1 -1 0 
794 3 517 353 98 222 -1 -1 -1 0 
795 3 516 333 92 240 -1 -1 -1 0 
796 3 516 330 92 265 -1 -1 -1 0 
797 3 517 329 105 240 -1 -1 -1 0 
798 3 517 352 104 240 -1 -1 -1 0 
799 3 528 362 103 236 -1 -1 -1 0 
801 3 533 351 101 234 -1 -1 -1 0 
802 3 536 331 98 240 -1 -1 -1 0 
803 3 545 354 92 237 -1 -1 -1 0 
804 3 548 358 94 226 -1 -1 -1 0 
805 3 542 327 100 258 -1 -1 -1 0 
806 3 546 346 103 234 -1 -1 -1 0 
807 3 546 339 95 240 -1 -1 -1 0 
808 3 542 329 103 237 -1 -1 -1 0 
809 3 546 328 90 247 -1 -1 -1 0 
810 3 533 344 94 236 -1 -1 -1 0 
811 3 529 353 95 224 -1 -1 -1 0 
812 3 525 321 95 250 -1 -1 -1 0 
813 3 522 346 87 229 -1 -1 -1 0 
814 3 526 350 87 216 -1 -1 -1 0 
815 3 516 355 90 225 -1 -1 -1 0 
816 3 512 321 102 238 -1 -1 -1 0 
817 3 516 346 84 233 -1 -1 -1 0 
818 3 507 351 97 220 -1 -1 -1 0 
819 3 508 350 94 219 -1 -1 -1 0 
820 3 502 327 93 245 -1 -1 -1 0 
821 3 516 323 92 237 -1 -1 -1 0 
822 3 520 309 104 268 -1 -1 -1 0 
823 3 531 345 93 233 -1 -1 -1 0 
824 3 530 295 102 272 -1 -1 -1 0 
825 3 517 272 126 310 -1 -1 -1 0 
826 3 530 330 97 239 -1 -1 -1 0 
827 3 537 285 98 312 -1 -1 -1 0 
828 3 539 340 92 249 -1 -1 -1 0 
829 3 540 315 101 256 -1 -1 -1 0 
830 3 542 318 96 259 -1 -1 -1 0 
831 3 540 287 106 277 -1 -1 -1 0 
832 3 537 327 93 239 -1 -1 -1 0 
833 3 536 259 102 302 -1 -1 -1 0 
834 3 538 319 91 255 -1 -1 -1 0 
835 3 545 336 83 234 -1 -1 -1 0 
836 3 549 344 100 226 -1 -1 -1 0 
837 3 544 323 104 251 -1 -1 -1 0 
838 3 553 317 103 239 -1 -1 -1 0 
839 3 566 332 95 236 -1 -1 -1 0 
840 3 560 341 96 234 -1 -1 -1 0 
841 3 545 325 104 249 -1 -1 -1 0 
842 3 537 336 99 239 -1 -1 -1 0 
843 3 539 308 104 253 -1 -1 -1 0 
844 3 532 320 96 247 -1 -1 -1 0 
845 3 519 347 93 226 -1 -1 -1 0 
846 3 518 313 100 255 -1 -1 -1 0 
847 3 520 344 95 243 -1 -1 -1 0 
848 3 517 311 103 300 -1 -1 -1 0 
849 3 500 322 110 286 -1 -1 -1 0 
850 3 501 349 105 241 -1 -1 -1 0 
851 3 510 352 96 230 -1 -1 -1 0 
852 3 508 345 102 242 -1 -1 -1 0 
853 3 498 357 108 230 -1 -1 -1 0 
854 3 496 344 101 234 -1 -1 -1 0 
855 3 498 351 99 220 -1 -1 -1 0 
856 3 506 350 89 235 -1 -1 -1 0 
857 3 518 347 100 240 -1 -1 -1 0 
859 3 520 328 101 261 -1 -1 -1 0 
861 3 504 326 101 255 -1 -1 -1 0 
862 3 495 316 102 285 -1 -1 -1 0 
863 3 489 349 105 248 -1 -1 -1 0 
865 3 453 324 110 273 -1 -1 -1 0 
866 3 450 348 112 243 -1 -1 -1 0 
882 3 444 349 114 244 -1 -1 -1 0 
886 3 629 329 127 263 -1 -1 -1 0 
887 3 646 327 112 267 -1 -1 -1 0 
889 3 661 325 113 270 -1 -1 -1 0 
891 3 691 331 117 271 -1 -1 -1 0 
892 3 675 330 115 269 -1 -1 -1 0 
893 3 670 337 111 271 -1 -1 -1 0 
894 3 677 323 128 272 -1 -1 -1 0 
895 3 689 332 139 278 -1 -1 -1 0 
896 3 709 333 124 269 -1 -1 -1 0 
896 120 90 401 44 111 -1 -1 -1 0 
897 3 751 337 100 259 -1 -1 -1 0 
897 120 96 409 35 106 -1 -1 -1 0 
898 3 731 348 132 273 -1 -1 -1 0 
898 120 98 408 35 105 -1 -1 -1 0 
899 3 774 340 113 286 -1 -1 -1 0 
899 120 75 411 39 109 -1 -1 -1 0 
900 3 773 342 132 288 -1 -1 -1 0 
900 120 69 410 40 109 -1 -1 -1 0 
901 3 778 348 143 287 -1 -1 -1 0 
901 120 66 419 40 108 -1 -1 -1 0 
902 3 839 341 102 277 -1 -1 -1 0 
902 120 61 400 36 110 -1 -1 -1 0 
903 3 826 340 133 259 -1 -1 -1 0 
903 120 57 398 36 110 -1 -1 -1 0 
904 3 830 346 135 226 -1 -1 -1 0 
905 3 881 335 125 271 -1 -1 -1 0 
906 3 905 335 113 280 -1 -1 -1 0 
907 3 919 323 152 286 -1 -1 -1 0 
908 3 933 321 146 289 -1 -1 -1 0 
911 130 316 345 41 119 -1 -1 -1 0 
915 130 328 346 42 123 -1 -1 -1 0 
923 135 184 382 32 109 -1 -1 -1 0 
924 135 181 376 33 110 -1 -1 -1 0 
924 138 367 388 38 108 -1 -1 -1 0 
925 138 374 396 38 108 -1 -1 -1 0 
926 138 399 390 39 111 -1 -1 -1 0 
927 138 411 394 39 112 -1 -1 -1 0 
928 138 406 372 36 115 -1 -1 -1 0 
928 143 233 397 36 96 -1 -1 -1 0 
929 138 411 383 39 115 -1 -1 -1 0 
930 138 409 378 40 119 -1 -1 -1 0 
930 145 24 371 54 140 -1 -1 -1 0 
931 138 415 378 41 121 -1 -1 -1 0 
931 145 24 365 47 131 -1 -1 -1 0 
932 145 25 366 45 128 -1 -1 -1 0 
936 138 356 359 41 117 -1 -1 -1 0 
937 138 363 367 37 113 -1 -1 -1 0 
938 138 377 365 38 121 -1 -1 -1 0 
938 143 191 372 48 124 -1 -1 -1 0 
941 138 392 381 37 112 -1 -1 -1 0 
941 143 207 390 40 124 -1 -1 -1 0 
943 138 395 382 37 112 -1 -1 -1 0 
943 143 207 381 48 130 -1 -1 -1 0 
944 138 393 362 43 128 -1 -1 -1 0 
944 143 211 383 43 114 -1 -1 -1 0 
945 135 218 378 37 118 -1 -1 -1 0 
945 138 404 362 42 129 -1 -1 -1 0 
945 143 212 383 43 114 -1 -1 -1 0 
946 135 232 381 41 123 -1 -1 -1 0 
946 138 419 371 38 129 -1 -1 -1 0 
947 135 231 379 44 121 -1 -1 -1 0 
947 138 424 372 38 130 -1 -1 -1 0 
948 135 233 379 45 121 -1 -1 -1 0 
948 138 430 356 42 135 -1 -1 -1 0 
948 143 244 385 37 115 -1 -1 -1 0 
949 135 257 373 36 124 -1 -1 -1 0 
949 138 442 368 46 126 -1 -1 -1 0 
949 143 248 385 37 115 -1 -1 -1 0 
949 165 501 362 36 103 -1 -1 -1 0 
950 135 261 372 37 126 -1 -1 -1 0 
951 135 285 377 38 129 -1 -1 -1 0 
952 135 290 369 42 124 -1 -1 -1 0 
952 138 480 347 42 139 -1 -1 -1 0 
953 135 292 362 44 128 -1 -1 -1 0 
953 138 480 342 45 141 -1 -1 -1 0 
954 135 286 363 59 127 -1 -1 -1 0 
954 138 477 338 46 143 -1 -1 -1 0 
955 135 277 366 50 132 -1 -1 -1 0 
955 138 467 353 48 136 -1 -1 -1 0 
955 169 98 367 56 135 -1 -1 -1 0 
956 135 262 360 48 129 -1 -1 -1 0 
956 138 457 344 44 134 -1 -1 -1 0 
956 169 81 351 57 145 -1 -1 -1 0 
958 135 263 359 49 129 -1 -1 -1 0 
958 138 439 354 51 137 -1 -1 -1 0 
958 169 66 363 61 143 -1 -1 -1 0 
958 172 4 361 65 140 -1 -1 -1 0 
959 138 439 370 48 130 -1 -1 -1 0 
959 169 56 366 61 144 -1 -1 -1 0 
959 172 0 355 56 148 -1 -1 -1 0 
960 138 422 360 53 133 -1 -1 -1 0 
960 172 0 352 49 155 -1 -1 -1 0 
961 135 226 368 42 139 -1 -1 -1 0 
961 138 424 359 43 125 -1 -1 -1 0 
962 135 213 379 41 137 -1 -1 -1 0 
962 138 408 362 43 133 -1 -1 -1 0 
962 176 337 358 48 136 -1 -1 -1 0 
962 177 36 403 46 116 -1 -1 -1 0 
964 135 182 384 43 138 -1 -1 -1 0 
965 135 173 386 44 139 -1 -1 -1 0 
965 169 0 370 53 161 -1 -1 -1 0 
967 138 367 354 46 142 -1 -1 -1 0 
967 169 0 371 41 165 -1 -1 -1 0 
967 176 294 364 41 132 -1 -1 -1 0 
968 138 379 371 45 134 -1 -1 -1 0 
968 143 175 382 41 135 -1 -1 -1 0 
968 176 297 367 44 138 -1 -1 -1 0 
968 179 438 385 35 92 -1 -1 -1 0 
969 138 383 360 51 140 -1 -1 -1 0 
969 143 171 381 41 137 -1 -1 -1 0 
969 176 300 361 50 135 -1 -1 -1 0 
969 179 447 367 34 101 -1 -1 -1 0 
970 138 389 368 51 135 -1 -1 -1 0 
970 143 194 394 38 129 -1 -1 -1 0 
970 176 310 366 45 132 -1 -1 -1 0 
970 179 455 382 33 92 -1 -1 -1 0 
970 180 515 368 31 103 -1 -1 -1 0 
971 135 198 390 37 134 -1 -1 -1 0 
971 138 395 373 47 134 -1 -1 -1 0 
971 143 196 395 38 129 -1 -1 -1 0 
971 176 314 367 43 139 -1 -1 -1 0 
971 179 457 386 36 88 -1 -1 -1 0 
972 135 191 412 42 110 -1 -1 -1 0 
972 138 397 364 49 136 -1 -1 -1 0 
972 176 310 355 46 142 -1 -1 -1 0 
972 179 458 369 34 103 -1 -1 -1 0 
972 182 1 407 59 130 -1 -1 -1 0 
973 135 190 415 42 108 -1 -1 -1 0 
973 138 393 368 54 137 -1 -1 -1 0 
973 176 310 362 48 147 -1 -1 -1 0 
974 138 390 363 55 128 -1 -1 -1 0 
974 176 308 362 50 137 -1 -1 -1 0 
974 179 454 373 36 100 -1 -1 -1 0 
974 180 518 362 34 109 -1 -1 -1 0 
975 135 193 390 41 137 -1 -1 -1 0 
975 138 392 371 53 136 -1 -1 -1 0 
975 176 311 366 47 145 -1 -1 -1 0 
975 179 454 376 37 100 -1 -1 -1 0 
975 180 519 366 31 105 -1 -1 -1 0 
976 135 184 372 44 145 -1 -1 -1 0 
976 138 394 363 50 133 -1 -1 -1 0 
976 176 304 353 48 144 -1 -1 -1 0 
976 179 455 363 33 103 -1 -1 -1 0 
976 180 516 372 31 99 -1 -1 -1 0 
977 135 184 383 42 138 -1 -1 -1 0 
977 138 390 350 53 145 -1 -1 -1 0 
977 176 304 357 46 146 -1 -1 -1 0 
977 179 454 365 34 104 -1 -1 -1 0 
977 180 518 373 30 98 -1 -1 -1 0 
978 135 182 382 42 140 -1 -1 -1 0 
978 138 385 366 55 144 -1 -1 -1 0 
978 143 169 378 55 148 -1 -1 -1 0 
978 176 302 372 51 138 -1 -1 -1 0 
978 179 450 374 34 103 -1 -1 -1 0 
979 135 165 381 44 144 -1 -1 -1 0 
979 138 384 367 55 145 -1 -1 -1 0 
979 143 167 377 56 150 -1 -1 -1 0 
980 135 125 374 53 149 -1 -1 -1 0 
980 138 339 362 57 141 -1 -1 -1 0 
980 176 256 363 49 142 -1 -1 -1 0 
980 179 408 377 38 95 -1 -1 -1 0 
981 135 102 387 52 147 -1 -1 -1 0 
981 138 332 362 58 141 -1 -1 -1 0 
981 176 230 367 50 144 -1 -1 -1 0 
981 179 379 369 34 101 -1 -1 -1 0 
982 135 71 389 56 148 -1 -1 -1 0 
982 138 286 371 52 121 -1 -1 -1 0 
982 176 197 369 52 140 -1 -1 -1 0 
982 179 370 369 34 101 -1 -1 -1 0 
983 135 31 385 66 149 -1 -1 -1 0 
983 138 274 372 53 120 -1 -1 -1 0 
984 135 6 373 67 161 -1 -1 -1 0 
984 138 242 383 59 130 -1 -1 -1 0 
984 176 144 363 58 150 -1 -1 -1 0 
984 179 300 385 38 101 -1 -1 -1 0 
984 180 372 375 28 105 -1 -1 -1 0 
985 135 0 372 53 163 -1 -1 -1 0 
985 138 227 385 59 130 -1 -1 -1 0 
986 138 217 354 53 143 -1 -1 -1 0 
986 176 113 349 57 153 -1 -1 -1 0 
986 179 273 356 39 117 -1 -1 -1 0 
986 180 348 356 29 111 -1 -1 -1 0 
988 138 202 353 54 144 -1 -1 -1 0 
988 176 91 346 61 160 -1 -1 -1 0 
989 176 73 344 62 162 -1 -1 -1 0 
990 138 154 370 58 140 -1 -1 -1 0 
990 176 31 356 77 154 -1 -1 -1 0 
990 179 206 365 39 112 -1 -1 -1 0 
990 180 283 367 31 105 -1 -1 -1 0 
991 138 104 367 80 143 -1 -1 -1 0 
991 176 4 352 70 153 -1 -1 -1 0 
991 179 187 365 40 112 -1 -1 -1 0 
992 138 86 351 59 148 -1 -1 -1 0 
992 176 0 354 42 153 -1 -1 -1 0 
992 180 220 353 41 113 -1 -1 -1 0 
993 138 62 349 61 149 -1 -1 -1 0 
993 176 0 354 19 153 -1 -1 -1 0 
994 179 127 351 47 120 -1 -1 -1 0 
994 180 209 345 33 111 -1 -1 -1 0 
995 179 135 354 47 118 -1 -1 -1 0 
995 180 215 349 35 115 -1 -1 -1 0 
996 179 146 349 44 121 -1 -1 -1 0 
996 180 222 351 37 113 -1 -1 -1 0 
997 179 139 344 46 117 -1 -1 -1 0 
997 180 216 333 37 125 -1 -1 -1 0 
998 179 133 343 45 117 -1 -1 -1 0 
999 179 111 332 46 119 -1 -1 -1 0 
999 180 198 327 39 119 -1 -1 -1 0 
1000 179 104 326 44 119 -1 -1 -1 0 
1000 180 186 323 43 121 -1 -1 -1 0 
1001 179 109 331 50 121 -1 -1 -1 0 
1001 180 192 329 39 120 -1 -1 -1 0 
1002 179 130 339 49 121 -1 -1 -1 0 
1002 180 212 335 40 120 -1 -1 -1 0 
1003 179 123 337 53 151 -1 -1 -1 0 
1003 180 209 334 41 121 -1 -1 -1 0 
1004 179 121 336 54 155 -1 -1 -1 0 
1007 202 301 345 44 117 -1 -1 -1 0 
1008 143 8 330 66 172 -1 -1 -1 0 
1008 202 304 341 48 119 -1 -1 -1 0 
1008 205 130 331 57 150 -1 -1 -1 0 
1009 143 2 329 66 171 -1 -1 -1 0 
1009 202 311 353 44 119 -1 -1 -1 0 
1009 205 138 339 54 151 -1 -1 -1 0 
1010 143 14 339 52 166 -1 -1 -1 0 
1010 202 305 353 47 122 -1 -1 -1 0 
1010 205 139 336 53 155 -1 -1 -1 0 
1010 206 259 353 54 145 -1 -1 -1 0 
1010 207 391 353 36 119 -1 -1 -1 0 
1011 143 13 339 51 165 -1 -1 -1 0 
1011 202 316 343 44 120 -1 -1 -1 0 
1011 205 136 327 59 158 -1 -1 -1 0 
1011 206 261 333 57 159 -1 -1 -1 0 
1012 202 334 358 42 117 -1 -1 -1 0 
1012 205 158 340 56 153 -1 -1 -1 0 
1012 206 285 349 53 153 -1 -1 -1 0 
1012 207 414 356 36 124 -1 -1 -1 0 
1014 202 358 347 54 149 -1 -1 -1 0 
1014 205 164 343 56 152 -1 -1 -1 0 
1014 206 291 350 54 154 -1 -1 -1 0 
1014 207 410 364 40 111 -1 -1 -1 0 
1015 202 392 352 54 150 -1 -1 -1 0 
1015 207 415 367 39 110 -1 -1 -1 0 
1016 202 405 354 56 154 -1 -1 -1 0 
1016 206 401 340 60 155 -1 -1 -1 0 
1017 202 473 355 47 122 -1 -1 -1 0 
1017 206 428 353 51 151 -1 -1 -1 0 
1017 207 555 356 36 119 -1 -1 -1 0 
1017 210 301 338 57 152 -1 -1 -1 0 
1018 202 480 362 40 112 -1 -1 -1 0 
1018 206 450 354 50 151 -1 -1 -1 0 
1018 207 578 356 36 121 -1 -1 -1 0 
1019 202 489 366 36 113 -1 -1 -1 0 
1019 207 562 359 39 123 -1 -1 -1 0 
1019 210 321 345 56 152 -1 -1 -1 0 
1019 214 192 370 59 144 -1 -1 -1 0 
1020 202 505 368 36 113 -1 -1 -1 0 
1020 206 430 343 60 150 -1 -1 -1 0 
1020 207 581 360 39 124 -1 -1 -1 0 
1021 202 497 365 43 117 -1 -1 -1 0 
1021 206 435 362 63 151 -1 -1 -1 0 
1021 210 329 351 51 157 -1 -1 -1 0 
1021 214 207 356 45 165 -1 -1 -1 0 
1022 202 496 358 43 124 -1 -1 -1 0 
1022 206 440 355 58 152 -1 -1 -1 0 
1022 210 331 347 49 159 -1 -1 -1 0 
1022 214 201 355 53 167 -1 -1 -1 0 
1023 202 490 352 41 116 -1 -1 -1 0 
1023 206 443 353 48 152 -1 -1 -1 0 
1023 210 321 345 52 163 -1 -1 -1 0 
1023 214 192 363 52 167 -1 -1 -1 0 
1024 202 502 352 40 116 -1 -1 -1 0 
1024 206 433 366 47 149 -1 -1 -1 0 
1024 210 313 351 50 167 -1 -1 -1 0 
1024 214 181 357 50 161 -1 -1 -1 0 
1025 202 471 350 39 118 -1 -1 -1 0 
1025 205 307 339 47 164 -1 -1 -1 0 
1025 206 414 343 55 155 -1 -1 -1 0 
1025 210 315 353 50 169 -1 -1 -1 0 
1025 214 171 357 52 162 -1 -1 -1 0 
1026 202 465 349 43 129 -1 -1 -1 0 
1026 205 318 339 47 166 -1 -1 -1 0 
1026 206 409 345 59 156 -1 -1 -1 0 
1026 207 551 341 39 133 -1 -1 -1 0 
1026 210 305 346 44 159 -1 -1 -1 0 
1026 214 166 365 55 157 -1 -1 -1 0 
1027 202 458 357 43 124 -1 -1 -1 0 
1027 205 297 343 44 166 -1 -1 -1 0 
1027 206 400 356 57 153 -1 -1 -1 0 
1027 207 542 345 38 132 -1 -1 -1 0 
1027 210 305 347 43 159 -1 -1 -1 0 
1027 214 160 355 56 163 -1 -1 -1 0 
1028 202 458 352 39 122 -1 -1 -1 0 
1028 205 306 344 43 166 -1 -1 -1 0 
1028 206 403 352 56 152 -1 -1 -1 0 
1028 207 539 347 38 125 -1 -1 -1 0 
1028 210 285 338 49 167 -1 -1 -1 0 
1029 202 457 363 38 116 -1 -1 -1 0 
1029 206 407 352 56 152 -1 -1 -1 0 
1029 207 544 347 38 125 -1 -1 -1 0 
1029 210 285 352 50 159 -1 -1 -1 0 
1030 202 460 364 37 116 -1 -1 -1 0 
1030 207 548 346 38 129 -1 -1 -1 0 
1030 210 276 353 67 162 -1 -1 -1 0 
1031 202 469 363 39 119 -1 -1 -1 0 
1031 206 425 359 46 153 -1 -1 -1 0 
1031 207 550 350 37 129 -1 -1 -1 0 
1031 210 298 357 51 165 -1 -1 -1 0 
1031 214 171 371 54 167 -1 -1 -1 0 
1031 218 269 361 40 154 -1 -1 -1 0 
1032 202 469 364 40 123 -1 -1 -1 0 
1032 206 425 365 46 149 -1 -1 -1 0 
1032 207 551 354 38 132 -1 -1 -1 0 
1032 210 296 351 51 168 -1 -1 -1 0 
1032 214 165 359 58 167 -1 -1 -1 0 
1032 218 265 353 42 159 -1 -1 -1 0 
1033 202 467 359 44 119 -1 -1 -1 0 
1033 206 405 349 57 149 -1 -1 -1 0 
1033 207 553 352 39 133 -1 -1 -1 0 
1033 210 296 347 48 163 -1 -1 -1 0 
1033 214 170 374 51 158 -1 -1 -1 0 
1034 202 469 359 44 119 -1 -1 -1 0 
1034 206 406 348 58 149 -1 -1 -1 0 
1034 207 555 352 37 128 -1 -1 -1 0 
1034 210 299 364 48 160 -1 -1 -1 0 
1034 214 170 382 57 164 -1 -1 -1 0 
1034 218 266 362 46 163 -1 -1 -1 0 
1035 202 471 360 44 118 -1 -1 -1 0 
1035 207 559 353 36 127 -1 -1 -1 0 
1035 210 288 357 56 164 -1 -1 -1 0 
1035 214 157 376 55 167 -1 -1 -1 0 
1036 202 463 374 45 125 -1 -1 -1 0 
1036 206 408 370 53 155 -1 -1 -1 0 
1036 207 547 366 39 130 -1 -1 -1 0 
1036 210 292 366 51 160 -1 -1 -1 0 
1036 214 162 373 57 169 -1 -1 -1 0 
1036 218 256 369 45 154 -1 -1 -1 0 
1037 202 464 364 43 118 -1 -1 -1 0 
1037 206 409 373 54 155 -1 -1 -1 0 
1037 207 548 368 39 131 -1 -1 -1 0 
1037 210 288 356 53 163 -1 -1 -1 0 
1038 202 446 372 48 124 -1 -1 -1 0 
1038 206 390 368 62 153 -1 -1 -1 0 
1038 207 539 359 38 132 -1 -1 -1 0 
1038 210 276 372 52 157 -1 -1 -1 0 
1038 214 147 381 57 170 -1 -1 -1 0 
1038 218 236 373 50 155 -1 -1 -1 0 
1039 202 439 373 44 125 -1 -1 -1 0 
1039 206 379 369 59 159 -1 -1 -1 0 
1039 207 522 364 40 130 -1 -1 -1 0 
1039 210 263 365 51 164 -1 -1 -1 0 
1039 214 132 374 61 175 -1 -1 -1 0 
1039 218 221 370 51 155 -1 -1 -1 0 
1040 202 439 371 44 124 -1 -1 -1 0 
1040 206 380 365 63 154 -1 -1 -1 0 
1040 207 524 356 38 131 -1 -1 -1 0 
1040 210 264 368 58 160 -1 -1 -1 0 
1040 214 131 383 60 171 -1 -1 -1 0 
1040 218 220 373 53 155 -1 -1 -1 0 
1041 202 440 373 45 124 -1 -1 -1 0 
1041 206 384 367 61 150 -1 -1 -1 0 
1041 207 527 361 40 131 -1 -1 -1 0 
1041 210 267 369 53 159 -1 -1 -1 0 
1041 214 135 384 60 170 -1 -1 -1 0 
1041 218 219 368 59 165 -1 -1 -1 0 
1042 202 445 372 47 123 -1 -1 -1 0 
1042 206 396 367 57 153 -1 -1 -1 0 
1042 207 531 353 43 136 -1 -1 -1 0 
1042 210 277 369 56 159 -1 -1 -1 0 
1042 214 142 379 61 172 -1 -1 -1 0 
1042 218 228 371 60 157 -1 -1 -1 0 
1043 202 448 366 47 125 -1 -1 -1 0 
1043 206 397 365 57 154 -1 -1 -1 0 
1043 207 533 352 43 137 -1 -1 -1 0 
1043 210 276 369 57 160 -1 -1 -1 0 
1043 214 142 389 62 166 -1 -1 -1 0 
1043 218 224 371 59 157 -1 -1 -1 0 
1044 202 445 375 51 126 -1 -1 -1 0 
1044 206 395 376 56 147 -1 -1 -1 0 
1044 207 536 357 41 135 -1 -1 -1 0 
1044 210 278 375 64 168 -1 -1 -1 0 
1044 214 150 393 57 165 -1 -1 -1 0 
1044 218 225 378 65 163 -1 -1 -1 0 
1045 202 447 369 45 129 -1 -1 -1 0 
1045 206 387 365 54 151 -1 -1 -1 0 
1045 207 532 355 38 139 -1 -1 -1 0 
1045 210 276 373 56 166 -1 -1 -1 0 
1045 214 141 392 59 169 -1 -1 -1 0 
1045 218 218 375 66 167 -1 -1 -1 0 
1046 202 438 370 48 130 -1 -1 -1 0 
1046 206 378 370 60 147 -1 -1 -1 0 
1046 207 524 352 42 140 -1 -1 -1 0 
1046 210 269 379 56 164 -1 -1 -1 0 
1046 214 135 398 57 170 -1 -1 -1 0 
1046 218 209 376 61 169 -1 -1 -1 0 
1047 202 424 370 50 128 -1 -1 -1 0 
1047 206 370 374 60 146 -1 -1 -1 0 
1047 207 512 353 43 139 -1 -1 -1 0 
1047 210 257 376 63 164 -1 -1 -1 0 
1047 214 121 391 60 173 -1 -1 -1 0 
1047 218 199 374 62 169 -1 -1 -1 0 
1048 202 422 367 47 124 -1 -1 -1 0 
1048 206 371 369 59 149 -1 -1 -1 0 
1048 207 508 350 44 139 -1 -1 -1 0 
1048 210 255 374 57 167 -1 -1 -1 0 
1048 214 119 392 59 175 -1 -1 -1 0 
1048 218 193 377 62 162 -1 -1 -1 0 
1049 202 419 370 48 126 -1 -1 -1 0 
1049 206 369 368 60 149 -1 -1 -1 0 
1049 207 508 350 43 139 -1 -1 -1 0 
1049 210 254 373 56 167 -1 -1 -1 0 
1049 214 119 388 59 178 -1 -1 -1 0 
1049 218 192 377 61 161 -1 -1 -1 0 
1050 202 421 367 49 124 -1 -1 -1 0 
1050 206 365 364 51 140 -1 -1 -1 0 
1050 207 510 349 41 140 -1 -1 -1 0 
1050 210 256 372 62 165 -1 -1 -1 0 
1050 214 123 390 58 176 -1 -1 -1 0 
1050 218 197 373 61 167 -1 -1 -1 0 
1051 202 427 367 47 124 -1 -1 -1 0 
1051 206 363 364 50 138 -1 -1 -1 0 
1051 207 513 350 44 136 -1 -1 -1 0 
1051 210 264 373 61 164 -1 -1 -1 0 
1051 214 125 395 58 172 -1 -1 -1 0 
1052 202 426 366 48 123 -1 -1 -1 0 
1052 207 515 349 42 136 -1 -1 -1 0 
1052 210 264 370 62 165 -1 -1 -1 0 
1052 214 125 386 63 174 -1 -1 -1 0 
1052 218 200 373 60 168 -1 -1 -1 0 
1053 202 428 367 46 123 -1 -1 -1 0 
1053 206 375 367 57 144 -1 -1 -1 0 
1053 207 514 351 44 135 -1 -1 -1 0 
1053 210 268 371 59 164 -1 -1 -1 0 
1053 214 125 386 64 175 -1 -1 -1 0 
1053 218 200 373 62 168 -1 -1 -1 0 
1054 202 427 364 46 124 -1 -1 -1 0 
1054 206 373 365 58 148 -1 -1 -1 0 
1054 207 515 350 42 135 -1 -1 -1 0 
1054 210 268 372 58 163 -1 -1 -1 0 
1054 214 123 394 60 168 -1 -1 -1 0 
1054 218 199 371 61 169 -1 -1 -1 0 
1055 202 422 365 48 123 -1 -1 -1 0 
1055 206 370 363 58 149 -1 -1 -1 0 
1055 207 510 343 42 140 -1 -1 -1 0 
1055 210 266 372 55 163 -1 -1 -1 0 
1055 214 118 384 64 178 -1 -1 -1 0 
1055 218 197 372 59 168 -1 -1 -1 0 
1056 202 418 361 46 132 -1 -1 -1 0 
1056 206 361 362 60 150 -1 -1 -1 0 
1056 207 503 344 45 139 -1 -1 -1 0 
1056 210 259 372 56 162 -1 -1 -1 0 
1056 214 112 386 61 178 -1 -1 -1 0 
1056 218 191 372 59 167 -1 -1 -1 0 
