15 1 892 357 29 87 -1 -1 -1 0 
16 1 889 352 32 90 -1 -1 -1 0 
17 1 884 351 36 89 -1 -1 -1 0 
18 1 887 350 32 89 -1 -1 -1 0 
19 1 885 347 36 91 -1 -1 -1 0 
21 1 889 344 31 87 -1 -1 -1 0 
22 1 887 340 33 83 -1 -1 -1 0 
86 1 887 337 33 82 -1 -1 -1 0 
91 5 731 374 86 248 -1 -1 -1 0 
92 5 699 383 84 246 -1 -1 -1 0 
93 5 675 391 88 247 -1 -1 -1 0 
94 5 631 396 93 247 -1 -1 -1 0 
95 5 586 391 111 265 -1 -1 -1 0 
96 5 560 425 94 257 -1 -1 -1 0 
97 5 543 445 95 243 -1 -1 -1 0 
98 5 566 471 79 237 -1 -1 -1 0 
99 5 591 459 93 243 -1 -1 -1 0 
100 5 634 483 85 237 -1 -1 -1 0 
101 5 665 485 91 248 -1 -1 -1 0 
102 5 701 482 98 255 -1 -1 -1 0 
103 5 752 485 95 252 -1 -1 -1 0 
104 5 802 497 81 247 -1 -1 -1 0 
105 5 831 490 112 256 -1 -1 -1 0 
106 5 859 494 97 268 -1 -1 -1 0 
107 5 872 484 90 266 -1 -1 -1 0 
108 5 876 505 79 250 -1 -1 -1 0 
109 5 881 460 107 288 -1 -1 -1 0 
110 5 883 476 82 273 -1 -1 -1 0 
111 5 893 481 102 270 -1 -1 -1 0 
112 5 908 473 94 271 -1 -1 -1 0 
113 5 922 462 92 283 -1 -1 -1 0 
114 5 932 457 90 291 -1 -1 -1 0 
115 5 931 458 110 295 -1 -1 -1 0 
116 5 949 440 102 296 -1 -1 -1 0 
117 5 953 435 109 302 -1 -1 -1 0 
118 5 960 449 106 293 -1 -1 -1 0 
119 5 967 463 109 291 -1 -1 -1 0 
120 5 1011 413 66 330 -1 -1 -1 0 
121 5 987 425 92 319 -1 -1 -1 0 
122 5 1009 406 70 330 -1 -1 -1 0 
123 5 1008 407 71 320 -1 -1 -1 0 
124 5 994 436 85 309 -1 -1 -1 0 
125 5 995 408 84 324 -1 -1 -1 0 
126 5 1011 376 67 361 -1 -1 -1 0 
127 5 1013 403 66 323 -1 -1 -1 0 
128 5 997 388 80 331 -1 -1 -1 0 
129 5 994 387 84 328 -1 -1 -1 0 
130 5 989 378 88 343 -1 -1 -1 0 
131 5 935 372 133 341 -1 -1 -1 0 
132 5 925 382 94 333 -1 -1 -1 0 
133 5 882 374 112 340 -1 -1 -1 0 
134 5 842 367 115 340 -1 -1 -1 0 
135 5 805 372 111 337 -1 -1 -1 0 
136 5 771 375 123 346 -1 -1 -1 0 
137 5 762 363 124 356 -1 -1 -1 0 
138 5 757 372 125 354 -1 -1 -1 0 
139 5 763 357 121 371 -1 -1 -1 0 
140 5 770 370 125 370 -1 -1 -1 0 
141 5 769 359 129 385 -1 -1 -1 0 
142 5 749 395 142 367 -1 -1 -1 0 
143 5 749 379 161 378 -1 -1 -1 0 
144 5 771 363 130 391 -1 -1 -1 0 
145 5 786 380 124 383 -1 -1 -1 0 
146 5 789 370 145 407 -1 -1 -1 0 
147 5 820 354 144 425 -1 -1 -1 0 
148 5 843 351 149 433 -1 -1 -1 0 
149 5 867 379 126 416 -1 -1 -1 0 
150 5 856 382 157 421 -1 -1 -1 0 
151 5 866 388 170 436 -1 -1 -1 0 
152 5 882 375 156 445 -1 -1 -1 0 
153 5 805 310 273 504 -1 -1 -1 0 
154 5 912 286 166 532 -1 -1 -1 0 
155 5 926 301 153 524 -1 -1 -1 0 
156 5 926 374 153 495 -1 -1 -1 0 
157 5 952 355 125 508 -1 -1 -1 0 
158 5 984 320 92 547 -1 -1 -1 0 
159 5 938 350 141 543 -1 -1 -1 0 
160 5 968 341 110 563 -1 -1 -1 0 
161 5 967 320 111 584 -1 -1 -1 0 
162 5 1008 364 71 537 -1 -1 -1 0 
246 5 1016 366 63 544 -1 -1 -1 0 
250 8 190 514 49 130 -1 -1 -1 0 
251 8 172 504 48 134 -1 -1 -1 0 
252 8 161 518 47 128 -1 -1 -1 0 
253 8 170 539 52 132 -1 -1 -1 0 
254 8 144 521 62 144 -1 -1 -1 0 
255 8 134 512 52 137 -1 -1 -1 0 
256 8 101 507 64 143 -1 -1 -1 0 
257 8 85 509 57 147 -1 -1 -1 0 
258 8 91 544 48 134 -1 -1 -1 0 
259 8 80 539 52 135 -1 -1 -1 0 
260 8 55 506 52 145 -1 -1 -1 0 
261 8 34 492 55 146 -1 -1 -1 0 
262 8 22 512 57 154 -1 -1 -1 0 
263 8 16 532 56 151 -1 -1 -1 0 
264 8 9 510 59 162 -1 -1 -1 0 
270 8 1 510 44 144 -1 -1 -1 0 
291 8 0 509 33 146 -1 -1 -1 0 
293 9 882 517 76 220 -1 -1 -1 0 
294 9 898 507 73 232 -1 -1 -1 0 
295 9 907 484 85 268 -1 -1 -1 0 
297 9 938 513 110 261 -1 -1 -1 0 
298 9 997 507 82 270 -1 -1 -1 0 
299 9 1033 526 46 258 -1 -1 -1 0 
354 9 1054 530 25 264 -1 -1 -1 0 
453 13 322 467 60 192 -1 -1 -1 0 
454 13 325 465 74 199 -1 -1 -1 0 
455 13 327 459 78 205 -1 -1 -1 0 
456 13 319 450 75 228 -1 -1 -1 0 
458 13 303 439 82 236 -1 -1 -1 0 
459 13 296 449 87 240 -1 -1 -1 0 
460 13 289 448 90 242 -1 -1 -1 0 
461 13 293 448 92 254 -1 -1 -1 0 
463 13 258 420 116 298 -1 -1 -1 0 
464 13 256 420 113 297 -1 -1 -1 0 
465 13 231 410 127 313 -1 -1 -1 0 
466 13 216 410 134 329 -1 -1 -1 0 
467 13 186 403 142 342 -1 -1 -1 0 
468 13 163 399 152 350 -1 -1 -1 0 
469 13 146 371 149 390 -1 -1 -1 0 
470 13 90 357 198 418 -1 -1 -1 0 
471 13 81 350 174 428 -1 -1 -1 0 
472 13 28 342 221 454 -1 -1 -1 0 
473 13 3 330 213 476 -1 -1 -1 0 
474 13 0 297 195 492 -1 -1 -1 0 
476 13 2 251 138 395 -1 -1 -1 0 
477 13 1 315 102 625 -1 -1 -1 0 
514 13 0 315 77 659 -1 -1 -1 0 
582 19 774 421 132 400 -1 -1 -1 0 
583 19 787 409 129 416 -1 -1 -1 0 
584 19 795 426 130 416 -1 -1 -1 0 
585 19 794 442 138 427 -1 -1 -1 0 
586 19 805 422 146 461 -1 -1 -1 0 
587 19 814 419 160 470 -1 -1 -1 0 
588 19 830 414 168 492 -1 -1 -1 0 
589 19 853 413 169 510 -1 -1 -1 0 
590 19 864 405 184 529 -1 -1 -1 0 
591 19 884 392 178 568 -1 -1 -1 0 
592 19 904 363 174 604 -1 -1 -1 0 
593 19 917 355 162 629 -1 -1 -1 0 
594 19 934 340 145 672 -1 -1 -1 0 
595 19 952 372 127 671 -1 -1 -1 0 
596 19 978 426 101 657 -1 -1 -1 0 
599 19 995 429 84 675 -1 -1 -1 0 
602 22 445 483 45 120 -1 -1 -1 0 
603 22 452 496 42 95 -1 -1 -1 0 
606 22 459 464 41 111 -1 -1 -1 0 
607 22 463 458 42 113 -1 -1 -1 0 
612 24 338 479 56 132 -1 -1 -1 0 
613 24 343 477 54 128 -1 -1 -1 0 
614 22 349 465 61 122 -1 -1 -1 0 
617 22 339 464 63 124 -1 -1 -1 0 
619 24 353 468 54 129 -1 -1 -1 0 
620 24 352 457 63 140 -1 -1 -1 0 
621 24 355 468 67 117 -1 -1 -1 0 
622 24 372 488 57 117 -1 -1 -1 0 
623 24 381 485 58 132 -1 -1 -1 0 
624 24 373 490 58 127 -1 -1 -1 0 
625 24 350 472 58 147 -1 -1 -1 0 
626 24 320 460 63 145 -1 -1 -1 0 
627 24 301 467 59 163 -1 -1 -1 0 
628 24 288 460 58 184 -1 -1 -1 0 
629 24 299 475 63 158 -1 -1 -1 0 
630 24 312 464 63 178 -1 -1 -1 0 
631 24 320 460 65 158 -1 -1 -1 0 
632 24 311 448 75 183 -1 -1 -1 0 
633 24 298 461 87 152 -1 -1 -1 0 
634 24 287 447 85 165 -1 -1 -1 0 
636 24 290 471 71 191 -1 -1 -1 0 
637 24 287 467 75 212 -1 -1 -1 0 
638 24 283 448 78 204 -1 -1 -1 0 
639 24 283 472 77 209 -1 -1 -1 0 
640 24 276 466 83 219 -1 -1 -1 0 
641 24 283 446 71 234 -1 -1 -1 0 
642 24 277 444 88 242 -1 -1 -1 0 
643 24 267 438 86 241 -1 -1 -1 0 
644 24 245 412 99 293 -1 -1 -1 0 
645 24 225 426 111 268 -1 -1 -1 0 
646 24 216 394 112 281 -1 -1 -1 0 
647 24 203 370 118 286 -1 -1 -1 0 
648 24 198 401 119 293 -1 -1 -1 0 
649 24 194 403 118 293 -1 -1 -1 0 
650 24 184 389 123 313 -1 -1 -1 0 
651 24 180 405 132 309 -1 -1 -1 0 
652 24 150 407 155 322 -1 -1 -1 0 
653 24 115 385 164 349 -1 -1 -1 0 
654 24 109 383 155 362 -1 -1 -1 0 
655 24 74 368 179 397 -1 -1 -1 0 
656 24 49 366 186 423 -1 -1 -1 0 
657 24 26 342 207 470 -1 -1 -1 0 
658 24 8 315 224 499 -1 -1 -1 0 
659 24 4 296 192 536 -1 -1 -1 0 
660 24 2 269 160 620 -1 -1 -1 0 
661 24 0 235 148 717 -1 -1 -1 0 
662 24 0 218 132 755 -1 -1 -1 0 
672 24 0 207 113 783 -1 -1 -1 0 
1060 44 143 485 56 152 -1 -1 -1 0 
1061 44 131 488 64 154 -1 -1 -1 0 
1067 44 124 456 51 168 -1 -1 -1 0 
1069 44 114 445 79 185 -1 -1 -1 0 
1070 44 123 455 69 176 -1 -1 -1 0 
1071 44 125 450 75 181 -1 -1 -1 0 
1072 44 126 449 69 179 -1 -1 -1 0 
1079 44 146 441 79 205 -1 -1 -1 0 
1080 44 149 445 80 209 -1 -1 -1 0 
1081 44 138 428 84 209 -1 -1 -1 0 
1082 44 161 437 69 213 -1 -1 -1 0 
1083 44 144 443 75 214 -1 -1 -1 0 
1084 44 157 445 63 214 -1 -1 -1 0 
1087 44 141 433 62 231 -1 -1 -1 0 
1088 44 118 435 78 234 -1 -1 -1 0 
1090 44 122 441 72 237 -1 -1 -1 0 
1091 44 113 431 80 264 -1 -1 -1 0 
1092 44 87 412 83 272 -1 -1 -1 0 
1093 44 85 422 83 278 -1 -1 -1 0 
1093 49 260 451 62 207 -1 -1 -1 0 
1094 44 62 410 78 297 -1 -1 -1 0 
1095 44 63 420 78 316 -1 -1 -1 0 
1096 44 46 412 90 311 -1 -1 -1 0 
1096 49 240 455 52 211 -1 -1 -1 0 
1097 44 7 429 114 304 -1 -1 -1 0 
1098 44 4 412 100 314 -1 -1 -1 0 
1098 49 228 433 65 225 -1 -1 -1 0 
1099 44 3 437 100 316 -1 -1 -1 0 
1101 44 0 438 96 323 -1 -1 -1 0 
1102 49 187 448 75 241 -1 -1 -1 0 
1104 49 141 428 86 255 -1 -1 -1 0 
1105 49 102 435 85 267 -1 -1 -1 0 
1106 49 90 459 80 261 -1 -1 -1 0 
1107 49 58 443 90 272 -1 -1 -1 0 
1108 49 36 439 94 276 -1 -1 -1 0 
1109 49 36 454 86 274 -1 -1 -1 0 
1110 49 5 439 97 288 -1 -1 -1 0 
1111 49 0 434 79 301 -1 -1 -1 0 
1112 49 0 457 51 279 -1 -1 -1 0 
1113 49 0 501 36 254 -1 -1 -1 0 
1159 49 0 508 19 253 -1 -1 -1 0 
1205 55 323 488 44 119 -1 -1 -1 0 
1206 55 337 491 46 124 -1 -1 -1 0 
1210 55 343 489 47 127 -1 -1 -1 0 
1212 57 334 500 49 128 -1 -1 -1 0 
1213 57 338 501 51 140 -1 -1 -1 0 
1219 57 299 480 85 150 -1 -1 -1 0 
1220 57 315 464 84 175 -1 -1 -1 0 
1221 57 357 478 59 158 -1 -1 -1 0 
1222 57 372 470 53 167 -1 -1 -1 0 
1223 57 387 463 52 171 -1 -1 -1 0 
1224 57 386 459 53 159 -1 -1 -1 0 
1225 57 397 482 50 156 -1 -1 -1 0 
1226 57 408 462 50 176 -1 -1 -1 0 
1228 57 400 450 71 184 -1 -1 -1 0 
1229 57 398 453 83 188 -1 -1 -1 0 
1230 57 390 457 104 184 -1 -1 -1 0 
1231 57 396 456 101 188 -1 -1 -1 0 
1232 57 403 468 104 190 -1 -1 -1 0 
1233 57 400 455 106 188 -1 -1 -1 0 
1234 57 406 457 104 199 -1 -1 -1 0 
1235 57 407 453 101 201 -1 -1 -1 0 
1236 57 455 468 56 162 -1 -1 -1 0 
1237 57 452 439 60 207 -1 -1 -1 0 
1240 57 456 475 49 168 -1 -1 -1 0 
1241 57 452 467 60 182 -1 -1 -1 0 
1242 57 457 479 68 169 -1 -1 -1 0 
1243 57 451 448 81 210 -1 -1 -1 0 
1244 57 454 445 96 221 -1 -1 -1 0 
1245 57 443 469 90 191 -1 -1 -1 0 
1246 57 454 443 113 218 -1 -1 -1 0 
1247 57 462 442 109 223 -1 -1 -1 0 
1248 57 465 462 119 216 -1 -1 -1 0 
1248 62 330 500 46 97 -1 -1 -1 0 
1250 57 492 449 106 223 -1 -1 -1 0 
1250 62 329 485 51 135 -1 -1 -1 0 
1251 57 496 444 116 224 -1 -1 -1 0 
1252 57 533 456 81 216 -1 -1 -1 0 
1253 57 526 457 96 214 -1 -1 -1 0 
1253 62 322 501 57 126 -1 -1 -1 0 
1254 57 532 457 100 216 -1 -1 -1 0 
1255 57 554 452 78 215 -1 -1 -1 0 
1256 57 562 448 84 225 -1 -1 -1 0 
1256 62 311 466 59 160 -1 -1 -1 0 
1257 57 549 433 89 220 -1 -1 -1 0 
1258 57 564 434 84 242 -1 -1 -1 0 
1259 57 570 431 86 247 -1 -1 -1 0 
1260 62 341 468 68 164 -1 -1 -1 0 
1261 62 344 467 61 168 -1 -1 -1 0 
1262 62 357 474 59 170 -1 -1 -1 0 
1263 62 361 486 60 160 -1 -1 -1 0 
1263 63 679 440 65 176 -1 -1 -1 0 
1264 62 367 485 79 171 -1 -1 -1 0 
1265 62 367 489 65 160 -1 -1 -1 0 
1266 62 370 489 67 163 -1 -1 -1 0 
1267 62 377 485 58 159 -1 -1 -1 0 
1267 64 751 428 80 162 -1 -1 -1 0 
1268 62 377 472 69 182 -1 -1 -1 0 
1269 62 375 477 72 186 -1 -1 -1 0 
1269 64 754 430 81 196 -1 -1 -1 0 
1270 62 381 476 71 190 -1 -1 -1 0 
1270 64 781 424 67 175 -1 -1 -1 0 
1271 62 380 481 66 175 -1 -1 -1 0 
1271 64 775 423 89 215 -1 -1 -1 0 
1272 62 384 486 72 193 -1 -1 -1 0 
1272 64 783 420 93 225 -1 -1 -1 0 
1273 62 391 476 71 194 -1 -1 -1 0 
1274 62 387 483 64 196 -1 -1 -1 0 
1274 65 847 429 69 126 -1 -1 -1 0 
1275 62 389 470 73 208 -1 -1 -1 0 
1275 65 867 426 61 127 -1 -1 -1 0 
1276 62 390 472 67 214 -1 -1 -1 0 
1276 65 884 415 70 125 -1 -1 -1 0 
1277 62 386 471 78 214 -1 -1 -1 0 
1277 65 910 406 70 121 -1 -1 -1 0 
1278 62 385 477 76 216 -1 -1 -1 0 
1278 65 925 412 72 118 -1 -1 -1 0 
1278 66 598 483 46 121 -1 -1 -1 0 
1279 62 382 463 71 220 -1 -1 -1 0 
1279 65 938 412 71 114 -1 -1 -1 0 
1280 62 357 485 102 218 -1 -1 -1 0 
1280 65 969 393 79 111 -1 -1 -1 0 
1281 62 377 464 82 228 -1 -1 -1 0 
1281 65 972 396 82 118 -1 -1 -1 0 
1281 66 598 471 52 127 -1 -1 -1 0 
1282 62 371 484 89 225 -1 -1 -1 0 
1282 65 995 385 78 116 -1 -1 -1 0 
1282 66 600 475 52 123 -1 -1 -1 0 
1283 62 329 471 123 233 -1 -1 -1 0 
1283 65 997 386 78 121 -1 -1 -1 0 
1283 66 597 477 50 128 -1 -1 -1 0 
1284 62 352 475 90 232 -1 -1 -1 0 
1284 65 1012 383 67 121 -1 -1 -1 0 
1285 62 342 462 99 245 -1 -1 -1 0 
1286 62 319 477 131 236 -1 -1 -1 0 
1287 62 318 469 116 242 -1 -1 -1 0 
1288 62 331 480 103 246 -1 -1 -1 0 
1288 66 594 469 48 126 -1 -1 -1 0 
1289 62 326 482 105 243 -1 -1 -1 0 
1290 62 317 465 110 257 -1 -1 -1 0 
1291 62 302 452 118 266 -1 -1 -1 0 
1291 66 576 465 55 135 -1 -1 -1 0 
1292 62 266 462 136 267 -1 -1 -1 0 
1294 62 239 460 143 277 -1 -1 -1 0 
1295 62 270 452 102 278 -1 -1 -1 0 
1296 62 223 460 152 293 -1 -1 -1 0 
1297 62 187 449 186 303 -1 -1 -1 0 
1298 62 181 457 177 302 -1 -1 -1 0 
1299 62 193 465 169 300 -1 -1 -1 0 
1300 62 173 490 167 282 -1 -1 -1 0 
1301 62 163 453 171 315 -1 -1 -1 0 
1302 62 152 475 183 310 -1 -1 -1 0 
1302 66 538 470 55 139 -1 -1 -1 0 
1303 62 128 470 206 313 -1 -1 -1 0 
1304 62 138 453 186 332 -1 -1 -1 0 
1305 62 132 467 193 323 -1 -1 -1 0 
1305 66 569 467 60 152 -1 -1 -1 0 
1306 62 120 461 195 321 -1 -1 -1 0 
1306 66 574 467 59 152 -1 -1 -1 0 
1307 62 122 461 176 330 -1 -1 -1 0 
1308 62 75 435 234 367 -1 -1 -1 0 
1309 62 78 455 211 352 -1 -1 -1 0 
1309 66 563 467 59 150 -1 -1 -1 0 
1310 62 50 464 230 344 -1 -1 -1 0 
1310 66 564 467 58 150 -1 -1 -1 0 
1311 62 31 463 241 349 -1 -1 -1 0 
1311 66 541 471 59 152 -1 -1 -1 0 
1312 62 6 465 248 351 -1 -1 -1 0 
1312 66 531 472 60 153 -1 -1 -1 0 
1312 69 150 508 79 151 -1 -1 -1 0 
1313 62 8 481 245 343 -1 -1 -1 0 
1313 66 525 458 66 158 -1 -1 -1 0 
1313 69 158 526 75 149 -1 -1 -1 0 
1314 62 0 462 251 357 -1 -1 -1 0 
1314 66 529 467 66 160 -1 -1 -1 0 
1314 69 152 502 79 152 -1 -1 -1 0 
1315 62 3 445 261 378 -1 -1 -1 0 
1316 62 13 448 267 376 -1 -1 -1 0 
1317 62 52 449 244 379 -1 -1 -1 0 
1318 62 54 440 242 376 -1 -1 -1 0 
1318 66 623 463 73 164 -1 -1 -1 0 
1319 62 2 426 292 401 -1 -1 -1 0 
1320 62 0 429 273 399 -1 -1 -1 0 
1321 62 2 450 250 381 -1 -1 -1 0 
1322 62 5 449 214 399 -1 -1 -1 0 
1322 66 611 458 77 165 -1 -1 -1 0 
1323 62 5 480 169 372 -1 -1 -1 0 
1323 66 606 461 68 165 -1 -1 -1 0 
1324 62 6 496 142 363 -1 -1 -1 0 
1325 62 1 500 134 364 -1 -1 -1 0 
1326 66 604 449 69 175 -1 -1 -1 0 
1327 66 595 467 74 168 -1 -1 -1 0 
1328 66 604 452 72 172 -1 -1 -1 0 
1329 66 606 454 72 173 -1 -1 -1 0 
1329 70 1 577 142 292 -1 -1 -1 0 
1330 66 616 462 70 172 -1 -1 -1 0 
1330 70 3 613 133 266 -1 -1 -1 0 
1331 66 614 457 75 170 -1 -1 -1 0 
1332 66 609 451 74 178 -1 -1 -1 0 
1333 66 617 432 73 183 -1 -1 -1 0 
1334 66 614 437 77 176 -1 -1 -1 0 
1335 66 610 456 70 170 -1 -1 -1 0 
1336 66 609 442 63 181 -1 -1 -1 0 
1338 66 587 451 70 170 -1 -1 -1 0 
1339 66 590 448 80 175 -1 -1 -1 0 
1340 66 596 450 64 179 -1 -1 -1 0 
1341 66 591 451 80 181 -1 -1 -1 0 
1343 66 607 472 69 180 -1 -1 -1 0 
1344 66 621 465 76 180 -1 -1 -1 0 
1345 66 651 469 79 181 -1 -1 -1 0 
1346 66 685 488 81 174 -1 -1 -1 0 
1347 66 732 481 86 174 -1 -1 -1 0 
1348 66 769 496 83 176 -1 -1 -1 0 
1349 66 799 496 86 174 -1 -1 -1 0 
1350 66 824 490 82 171 -1 -1 -1 0 
1351 66 825 486 83 171 -1 -1 -1 0 
1352 66 810 487 81 176 -1 -1 -1 0 
1353 66 797 478 79 181 -1 -1 -1 0 
1354 66 788 474 80 184 -1 -1 -1 0 
1356 66 750 485 79 163 -1 -1 -1 0 
1357 66 757 475 74 175 -1 -1 -1 0 
1358 66 752 484 77 174 -1 -1 -1 0 
1359 66 752 471 86 180 -1 -1 -1 0 
1360 66 753 468 82 182 -1 -1 -1 0 
1361 66 753 471 80 179 -1 -1 -1 0 
1362 66 755 480 81 177 -1 -1 -1 0 
1363 66 770 473 81 179 -1 -1 -1 0 
1364 66 750 473 83 177 -1 -1 -1 0 
1365 66 759 474 80 177 -1 -1 -1 0 
1366 66 775 467 85 189 -1 -1 -1 0 
1367 66 781 476 83 181 -1 -1 -1 0 
1368 66 785 469 82 184 -1 -1 -1 0 
1369 66 791 468 84 184 -1 -1 -1 0 
1370 66 796 467 78 184 -1 -1 -1 0 
1371 66 792 468 86 186 -1 -1 -1 0 
1372 66 790 464 82 186 -1 -1 -1 0 
1373 66 778 463 85 184 -1 -1 -1 0 
1374 66 779 461 80 184 -1 -1 -1 0 
1375 66 773 464 78 185 -1 -1 -1 0 
1376 66 770 461 73 186 -1 -1 -1 0 
1377 66 761 457 78 186 -1 -1 -1 0 
1378 66 760 458 73 185 -1 -1 -1 0 
1379 66 760 459 76 187 -1 -1 -1 0 
1380 66 754 459 82 188 -1 -1 -1 0 
1381 66 759 456 78 186 -1 -1 -1 0 
