12 3 384 512 27 64 -1 -1 -1 0 
15 3 368 535 29 64 -1 -1 -1 0 
16 3 356 522 26 65 -1 -1 -1 0 
17 3 345 512 28 68 -1 -1 -1 0 
18 3 335 510 29 70 -1 -1 -1 0 
38 3 352 533 33 77 -1 -1 -1 0 
39 3 355 530 30 79 -1 -1 -1 0 
61 3 353 531 31 82 -1 -1 -1 0 
75 10 352 503 44 122 -1 -1 -1 0 
76 10 340 498 52 139 -1 -1 -1 0 
77 10 332 488 51 146 -1 -1 -1 0 
78 10 331 494 50 153 -1 -1 -1 0 
80 10 324 491 53 154 -1 -1 -1 0 
81 10 322 486 52 156 -1 -1 -1 0 
82 10 297 484 74 166 -1 -1 -1 0 
83 10 310 484 49 165 -1 -1 -1 0 
85 10 296 480 65 177 -1 -1 -1 0 
86 10 299 484 69 176 -1 -1 -1 0 
87 10 294 469 67 193 -1 -1 -1 0 
89 10 278 456 80 211 -1 -1 -1 0 
90 10 282 465 76 195 -1 -1 -1 0 
91 10 280 464 78 205 -1 -1 -1 0 
92 3 384 479 35 124 -1 -1 -1 0 
92 10 283 469 68 216 -1 -1 -1 0 
93 3 386 476 35 127 -1 -1 -1 0 
94 10 250 446 100 236 -1 -1 -1 0 
95 3 388 486 34 124 -1 -1 -1 0 
95 10 248 438 98 248 -1 -1 -1 0 
96 3 390 486 33 124 -1 -1 -1 0 
97 10 259 444 98 250 -1 -1 -1 0 
98 10 267 436 97 268 -1 -1 -1 0 
99 3 434 484 35 120 -1 -1 -1 0 
99 10 283 441 87 255 -1 -1 -1 0 
100 3 443 482 37 140 -1 -1 -1 0 
100 10 284 433 86 281 -1 -1 -1 0 
101 3 448 481 38 143 -1 -1 -1 0 
102 10 263 428 115 310 -1 -1 -1 0 
103 10 222 410 160 336 -1 -1 -1 0 
104 3 450 483 41 148 -1 -1 -1 0 
104 10 191 405 173 363 -1 -1 -1 0 
105 3 435 490 40 146 -1 -1 -1 0 
105 10 148 400 189 376 -1 -1 -1 0 
106 3 437 491 40 147 -1 -1 -1 0 
107 10 67 389 216 445 -1 -1 -1 0 
108 10 20 372 233 458 -1 -1 -1 0 
109 10 0 353 224 492 -1 -1 -1 0 
110 10 0 342 188 526 -1 -1 -1 0 
111 3 357 498 50 162 -1 -1 -1 0 
112 3 340 480 58 168 -1 -1 -1 0 
113 3 335 483 55 182 -1 -1 -1 0 
116 3 303 467 57 199 -1 -1 -1 0 
118 3 300 464 59 221 -1 -1 -1 0 
119 3 289 456 69 226 -1 -1 -1 0 
120 3 289 460 66 224 -1 -1 -1 0 
121 3 287 456 69 223 -1 -1 -1 0 
123 3 285 429 73 251 -1 -1 -1 0 
124 3 285 420 73 264 -1 -1 -1 0 
125 3 283 429 78 260 -1 -1 -1 0 
126 3 279 418 77 272 -1 -1 -1 0 
127 3 268 419 93 282 -1 -1 -1 0 
128 3 259 415 84 290 -1 -1 -1 0 
130 3 248 422 85 302 -1 -1 -1 0 
131 3 233 405 94 318 -1 -1 -1 0 
132 3 212 405 109 343 -1 -1 -1 0 
133 3 202 385 107 363 -1 -1 -1 0 
134 3 183 375 119 388 -1 -1 -1 0 
135 3 171 359 124 400 -1 -1 -1 0 
136 3 149 359 139 433 -1 -1 -1 0 
137 3 141 351 135 446 -1 -1 -1 0 
138 3 114 341 146 483 -1 -1 -1 0 
139 3 94 320 152 505 -1 -1 -1 0 
140 3 54 311 172 544 -1 -1 -1 0 
141 3 7 276 193 582 -1 -1 -1 0 
142 3 0 277 177 629 -1 -1 -1 0 
143 3 0 255 145 705 -1 -1 -1 0 
144 3 0 217 109 740 -1 -1 -1 0 
145 3 5 289 60 699 -1 -1 -1 0 
183 3 0 285 37 721 -1 -1 -1 0 
203 15 646 528 39 109 -1 -1 -1 0 
205 15 659 532 40 111 -1 -1 -1 0 
207 17 473 509 25 77 -1 -1 -1 0 
208 17 471 503 27 81 -1 -1 -1 0 
213 17 433 525 26 76 -1 -1 -1 0 
215 17 415 519 27 85 -1 -1 -1 0 
216 17 409 517 31 85 -1 -1 -1 0 
217 17 409 527 28 80 -1 -1 -1 0 
226 17 382 509 26 81 -1 -1 -1 0 
227 17 382 503 27 89 -1 -1 -1 0 
235 17 372 501 28 91 -1 -1 -1 0 
247 17 394 505 38 119 -1 -1 -1 0 
248 17 391 508 43 115 -1 -1 -1 0 
249 17 392 509 42 121 -1 -1 -1 0 
250 17 395 511 42 121 -1 -1 -1 0 
251 17 400 503 39 124 -1 -1 -1 0 
254 17 382 487 39 120 -1 -1 -1 0 
255 17 374 484 40 126 -1 -1 -1 0 
256 17 368 476 41 132 -1 -1 -1 0 
257 17 363 468 43 136 -1 -1 -1 0 
258 17 367 467 42 134 -1 -1 -1 0 
259 17 371 468 41 132 -1 -1 -1 0 
262 17 356 475 48 144 -1 -1 -1 0 
263 17 354 480 51 134 -1 -1 -1 0 
264 17 353 487 52 151 -1 -1 -1 0 
265 17 346 470 55 151 -1 -1 -1 0 
266 17 349 477 48 158 -1 -1 -1 0 
267 17 351 484 51 161 -1 -1 -1 0 
268 17 351 479 53 165 -1 -1 -1 0 
269 17 360 488 49 166 -1 -1 -1 0 
272 17 359 481 57 174 -1 -1 -1 0 
274 17 348 486 59 179 -1 -1 -1 0 
275 17 340 478 58 190 -1 -1 -1 0 
276 17 323 466 62 173 -1 -1 -1 0 
277 17 324 474 59 195 -1 -1 -1 0 
278 17 320 471 62 200 -1 -1 -1 0 
279 17 313 469 66 204 -1 -1 -1 0 
281 17 288 452 68 224 -1 -1 -1 0 
282 17 273 446 69 230 -1 -1 -1 0 
283 17 255 463 84 236 -1 -1 -1 0 
284 17 234 448 92 243 -1 -1 -1 0 
285 17 230 425 82 271 -1 -1 -1 0 
286 17 218 435 91 262 -1 -1 -1 0 
287 17 213 423 87 285 -1 -1 -1 0 
288 17 199 437 98 262 -1 -1 -1 0 
289 17 193 428 103 274 -1 -1 -1 0 
290 17 152 422 137 297 -1 -1 -1 0 
291 17 164 426 111 276 -1 -1 -1 0 
292 17 155 416 116 303 -1 -1 -1 0 
294 17 89 386 161 356 -1 -1 -1 0 
295 17 76 383 154 366 -1 -1 -1 0 
296 17 60 370 163 375 -1 -1 -1 0 
297 17 76 387 137 382 -1 -1 -1 0 
298 17 59 356 157 423 -1 -1 -1 0 
299 17 10 344 195 447 -1 -1 -1 0 
300 17 2 338 196 446 -1 -1 -1 0 
301 17 1 315 181 483 -1 -1 -1 0 
302 17 0 305 175 491 -1 -1 -1 0 
325 17 0 296 168 506 -1 -1 -1 0 
446 32 859 410 129 269 -1 -1 -1 0 
447 32 843 409 125 278 -1 -1 -1 0 
448 32 847 409 131 282 -1 -1 -1 0 
449 32 870 413 124 284 -1 -1 -1 0 
450 32 900 393 133 296 -1 -1 -1 0 
453 32 903 389 135 301 -1 -1 -1 0 
