27 24 843 428 50 141 -1 -1 -1 0 
28 24 835 435 46 131 -1 -1 -1 0 
28 26 756 406 61 170 -1 -1 -1 0 
29 26 733 420 66 167 -1 -1 -1 0 
29 27 629 472 40 114 -1 -1 -1 0 
30 26 732 411 62 173 -1 -1 -1 0 
30 27 623 466 40 116 -1 -1 -1 0 
31 26 738 408 67 180 -1 -1 -1 0 
31 27 635 463 38 125 -1 -1 -1 0 
32 26 772 410 69 180 -1 -1 -1 0 
32 27 631 462 40 129 -1 -1 -1 0 
33 26 826 415 74 190 -1 -1 -1 0 
34 26 888 422 65 178 -1 -1 -1 0 
35 26 941 419 73 178 -1 -1 -1 0 
35 27 827 480 49 112 -1 -1 -1 0 
40 26 962 421 74 178 -1 -1 -1 0 
45 35 1025 505 52 103 -1 -1 -1 0 
56 42 283 364 64 161 -1 -1 -1 0 
57 42 283 386 64 157 -1 -1 -1 0 
58 42 294 389 59 152 -1 -1 -1 0 
59 42 291 379 73 165 -1 -1 -1 0 
60 42 313 382 57 159 -1 -1 -1 0 
61 42 295 371 62 163 -1 -1 -1 0 
62 42 299 403 54 158 -1 -1 -1 0 
63 42 273 393 53 151 -1 -1 -1 0 
64 42 256 409 72 155 -1 -1 -1 0 
65 42 231 370 73 164 -1 -1 -1 0 
66 42 226 374 66 166 -1 -1 -1 0 
67 42 241 406 60 156 -1 -1 -1 0 
68 42 236 398 59 161 -1 -1 -1 0 
69 42 229 391 60 170 -1 -1 -1 0 
70 42 240 388 54 143 -1 -1 -1 0 
71 42 257 409 62 155 -1 -1 -1 0 
72 42 279 374 74 168 -1 -1 -1 0 
73 42 341 372 66 176 -1 -1 -1 0 
74 42 387 384 67 163 -1 -1 -1 0 
75 42 449 383 64 168 -1 -1 -1 0 
76 42 483 397 62 164 -1 -1 -1 0 
77 42 516 397 62 170 -1 -1 -1 0 
78 42 534 394 62 174 -1 -1 -1 0 
79 42 545 405 62 161 -1 -1 -1 0 
80 42 547 409 63 164 -1 -1 -1 0 
81 42 561 400 62 177 -1 -1 -1 0 
82 42 566 401 70 179 -1 -1 -1 0 
83 42 584 352 74 188 -1 -1 -1 0 
84 42 566 346 100 191 -1 -1 -1 0 
85 42 543 371 68 185 -1 -1 -1 0 
86 42 518 379 67 189 -1 -1 -1 0 
87 42 472 392 64 179 -1 -1 -1 0 
88 42 438 383 70 193 -1 -1 -1 0 
89 42 389 400 69 174 -1 -1 -1 0 
90 42 360 396 66 179 -1 -1 -1 0 
91 42 343 399 69 181 -1 -1 -1 0 
92 42 325 405 66 190 -1 -1 -1 0 
93 42 315 399 69 188 -1 -1 -1 0 
94 42 286 396 77 189 -1 -1 -1 0 
95 42 279 415 77 193 -1 -1 -1 0 
96 42 254 423 75 193 -1 -1 -1 0 
97 42 231 420 78 191 -1 -1 -1 0 
98 42 203 413 77 194 -1 -1 -1 0 
99 42 183 418 84 197 -1 -1 -1 0 
100 42 175 422 87 200 -1 -1 -1 0 
101 42 164 438 88 199 -1 -1 -1 0 
102 42 128 401 102 214 -1 -1 -1 0 
103 42 129 422 94 207 -1 -1 -1 0 
104 42 114 435 93 203 -1 -1 -1 0 
105 42 101 438 93 203 -1 -1 -1 0 
106 42 86 435 85 212 -1 -1 -1 0 
107 42 63 444 101 213 -1 -1 -1 0 
108 42 44 442 96 211 -1 -1 -1 0 
109 42 28 433 88 215 -1 -1 -1 0 
110 42 13 423 87 221 -1 -1 -1 0 
111 42 1 432 76 225 -1 -1 -1 0 
112 42 0 441 66 226 -1 -1 -1 0 
113 42 0 458 45 199 -1 -1 -1 0 
117 42 0 444 38 208 -1 -1 -1 0 
118 42 0 411 38 216 -1 -1 -1 0 
119 42 0 398 69 241 -1 -1 -1 0 
120 42 0 383 78 253 -1 -1 -1 0 
121 42 5 398 89 247 -1 -1 -1 0 
122 42 19 385 99 248 -1 -1 -1 0 
123 42 49 371 88 250 -1 -1 -1 0 
124 42 75 399 96 244 -1 -1 -1 0 
125 42 78 399 93 250 -1 -1 -1 0 
126 42 79 391 93 257 -1 -1 -1 0 
127 42 69 388 96 261 -1 -1 -1 0 
128 42 68 404 94 257 -1 -1 -1 0 
129 42 36 395 102 270 -1 -1 -1 0 
130 42 8 390 109 279 -1 -1 -1 0 
131 42 3 377 99 307 -1 -1 -1 0 
132 42 0 412 93 288 -1 -1 -1 0 
133 42 5 435 64 269 -1 -1 -1 0 
134 42 6 480 38 229 -1 -1 -1 0 
285 42 1 489 33 226 -1 -1 -1 0 
320 45 600 389 45 123 -1 -1 -1 0 
321 45 593 388 49 126 -1 -1 -1 0 
323 45 600 404 44 131 -1 -1 -1 0 
324 45 610 383 43 139 -1 -1 -1 0 
325 45 614 380 38 130 -1 -1 -1 0 
326 45 622 372 44 140 -1 -1 -1 0 
327 45 630 376 44 140 -1 -1 -1 0 
328 45 634 373 48 143 -1 -1 -1 0 
329 45 639 371 47 144 -1 -1 -1 0 
331 45 633 375 55 137 -1 -1 -1 0 
332 45 636 370 59 143 -1 -1 -1 0 
333 45 639 373 64 143 -1 -1 -1 0 
334 45 639 367 68 143 -1 -1 -1 0 
335 45 633 376 64 147 -1 -1 -1 0 
336 45 635 359 63 154 -1 -1 -1 0 
337 45 639 365 71 154 -1 -1 -1 0 
337 49 774 380 21 54 -1 -1 -1 0 
338 45 647 374 62 157 -1 -1 -1 0 
339 45 657 359 63 158 -1 -1 -1 0 
340 45 651 382 63 158 -1 -1 -1 0 
341 45 668 364 57 167 -1 -1 -1 0 
342 45 677 370 57 171 -1 -1 -1 0 
343 45 695 366 51 172 -1 -1 -1 0 
344 45 690 358 69 176 -1 -1 -1 0 
345 45 690 357 70 179 -1 -1 -1 0 
346 45 704 372 62 179 -1 -1 -1 0 
347 45 714 352 57 179 -1 -1 -1 0 
348 45 711 369 61 181 -1 -1 -1 0 
349 45 717 353 72 183 -1 -1 -1 0 
350 45 717 350 69 184 -1 -1 -1 0 
352 45 732 357 65 184 -1 -1 -1 0 
353 45 729 360 64 192 -1 -1 -1 0 
354 45 743 351 72 191 -1 -1 -1 0 
355 45 737 342 80 199 -1 -1 -1 0 
356 45 756 347 69 203 -1 -1 -1 0 
357 45 753 359 70 206 -1 -1 -1 0 
358 45 764 339 68 211 -1 -1 -1 0 
359 45 771 355 67 210 -1 -1 -1 0 
360 45 776 345 64 209 -1 -1 -1 0 
361 45 776 356 71 226 -1 -1 -1 0 
362 45 791 340 74 218 -1 -1 -1 0 
363 45 788 337 90 222 -1 -1 -1 0 
364 45 789 335 99 225 -1 -1 -1 0 
365 45 787 338 103 221 -1 -1 -1 0 
366 45 769 343 112 213 -1 -1 -1 0 
367 45 758 324 105 229 -1 -1 -1 0 
368 45 744 351 106 228 -1 -1 -1 0 
369 45 746 344 100 235 -1 -1 -1 0 
370 45 747 333 105 242 -1 -1 -1 0 
371 45 756 328 103 249 -1 -1 -1 0 
372 45 775 322 99 253 -1 -1 -1 0 
373 45 800 318 97 264 -1 -1 -1 0 
374 45 807 320 96 263 -1 -1 -1 0 
374 54 734 388 22 73 -1 -1 -1 0 
375 45 818 316 81 270 -1 -1 -1 0 
375 54 736 383 26 74 -1 -1 -1 0 
376 45 824 312 98 282 -1 -1 -1 0 
376 54 733 391 26 75 -1 -1 -1 0 
377 45 818 331 86 280 -1 -1 -1 0 
377 54 725 390 25 67 -1 -1 -1 0 
378 45 835 310 98 291 -1 -1 -1 0 
378 54 724 389 22 68 -1 -1 -1 0 
379 45 841 320 113 289 -1 -1 -1 0 
379 54 725 394 23 69 -1 -1 -1 0 
380 45 851 326 95 291 -1 -1 -1 0 
381 45 854 337 104 293 -1 -1 -1 0 
382 45 873 338 112 297 -1 -1 -1 0 
383 45 887 329 125 306 -1 -1 -1 0 
384 45 889 320 138 327 -1 -1 -1 0 
384 55 749 409 25 67 -1 -1 -1 0 
385 45 920 316 129 336 -1 -1 -1 0 
386 45 946 324 129 336 -1 -1 -1 0 
387 45 967 328 112 340 -1 -1 -1 0 
388 45 992 326 87 349 -1 -1 -1 0 
389 45 1017 348 62 333 -1 -1 -1 0 
389 56 786 417 24 71 -1 -1 -1 0 
390 45 1047 397 32 295 -1 -1 -1 0 
390 56 800 420 25 70 -1 -1 -1 0 
391 45 1065 404 14 295 -1 -1 -1 0 
393 56 827 430 26 74 -1 -1 -1 0 
395 54 890 421 27 71 -1 -1 -1 0 
396 54 901 423 27 70 -1 -1 -1 0 
402 56 917 417 29 67 -1 -1 -1 0 
404 54 939 400 25 72 -1 -1 -1 0 
411 54 949 398 26 74 -1 -1 -1 0 
411 56 909 407 27 74 -1 -1 -1 0 
413 56 902 395 24 78 -1 -1 -1 0 
416 56 911 392 25 79 -1 -1 -1 0 
428 55 773 341 29 85 -1 -1 -1 0 
429 55 774 337 30 87 -1 -1 -1 0 
430 55 747 341 30 84 -1 -1 -1 0 
432 55 745 339 29 84 -1 -1 -1 0 
437 55 535 376 32 85 -1 -1 -1 0 
438 55 509 379 33 86 -1 -1 -1 0 
472 77 925 367 44 119 -1 -1 -1 0 
473 77 921 377 43 119 -1 -1 -1 0 
504 88 313 432 36 111 -1 -1 -1 0 
505 88 315 424 36 119 -1 -1 -1 0 
506 88 323 434 39 111 -1 -1 -1 0 
507 88 328 429 38 109 -1 -1 -1 0 
508 88 349 419 35 107 -1 -1 -1 0 
509 88 366 412 36 114 -1 -1 -1 0 
510 88 382 421 38 112 -1 -1 -1 0 
512 88 388 381 42 122 -1 -1 -1 0 
514 88 384 388 41 122 -1 -1 -1 0 
515 88 379 386 38 115 -1 -1 -1 0 
516 88 373 401 40 113 -1 -1 -1 0 
517 88 375 389 38 116 -1 -1 -1 0 
518 88 362 384 46 118 -1 -1 -1 0 
519 88 381 382 47 120 -1 -1 -1 0 
521 88 379 378 49 118 -1 -1 -1 0 
522 88 391 387 49 117 -1 -1 -1 0 
523 88 404 400 46 116 -1 -1 -1 0 
524 88 415 392 56 119 -1 -1 -1 0 
525 88 417 407 46 119 -1 -1 -1 0 
526 88 412 414 45 118 -1 -1 -1 0 
527 88 417 409 46 121 -1 -1 -1 0 
528 88 421 410 48 122 -1 -1 -1 0 
530 88 518 412 43 122 -1 -1 -1 0 
531 88 548 411 47 125 -1 -1 -1 0 
532 88 562 412 55 127 -1 -1 -1 0 
533 88 563 417 57 124 -1 -1 -1 0 
534 88 564 412 59 124 -1 -1 -1 0 
535 88 561 427 55 123 -1 -1 -1 0 
536 88 566 426 56 121 -1 -1 -1 0 
537 88 581 422 53 123 -1 -1 -1 0 
538 88 581 429 54 124 -1 -1 -1 0 
539 88 583 425 54 124 -1 -1 -1 0 
540 88 580 428 50 119 -1 -1 -1 0 
541 88 575 426 53 126 -1 -1 -1 0 
542 88 578 426 53 121 -1 -1 -1 0 
543 88 577 422 58 123 -1 -1 -1 0 
544 88 577 425 54 120 -1 -1 -1 0 
545 88 577 420 56 121 -1 -1 -1 0 
546 88 576 422 53 119 -1 -1 -1 0 
547 88 576 423 49 118 -1 -1 -1 0 
548 88 579 416 52 123 -1 -1 -1 0 
549 88 581 415 54 125 -1 -1 -1 0 
550 88 582 414 57 125 -1 -1 -1 0 
551 88 587 413 61 122 -1 -1 -1 0 
552 88 591 412 56 122 -1 -1 -1 0 
553 88 594 411 52 121 -1 -1 -1 0 
554 88 601 411 51 116 -1 -1 -1 0 
555 88 602 408 51 118 -1 -1 -1 0 
556 88 605 405 49 119 -1 -1 -1 0 
557 88 607 401 48 120 -1 -1 -1 0 
558 88 607 398 50 121 -1 -1 -1 0 
559 88 609 392 49 130 -1 -1 -1 0 
559 100 578 395 35 112 -1 -1 -1 0 
560 88 609 388 50 131 -1 -1 -1 0 
560 100 578 391 37 112 -1 -1 -1 0 
561 88 608 386 49 132 -1 -1 -1 0 
561 100 576 389 37 111 -1 -1 -1 0 
562 88 607 383 52 132 -1 -1 -1 0 
562 100 575 388 38 113 -1 -1 -1 0 
