8 3 406 482 30 78 -1 -1 -1 0 
9 3 403 483 31 77 -1 -1 -1 0 
10 3 398 483 33 77 -1 -1 -1 0 
12 3 395 486 32 75 -1 -1 -1 0 
13 3 395 489 30 71 -1 -1 -1 0 
14 3 395 491 29 69 -1 -1 -1 0 
15 3 397 484 28 76 -1 -1 -1 0 
15 4 512 485 24 53 -1 -1 -1 0 
16 3 396 483 31 77 -1 -1 -1 0 
17 3 399 483 29 76 -1 -1 -1 0 
17 4 515 484 23 53 -1 -1 -1 0 
18 3 399 485 30 75 -1 -1 -1 0 
19 3 399 481 30 78 -1 -1 -1 0 
20 3 401 479 28 79 -1 -1 -1 0 
21 3 402 485 30 75 -1 -1 -1 0 
22 3 403 484 28 74 -1 -1 -1 0 
22 4 519 486 20 50 -1 -1 -1 0 
23 3 401 484 28 74 -1 -1 -1 0 
23 4 517 486 21 52 -1 -1 -1 0 
24 3 401 484 28 74 -1 -1 -1 0 
25 3 395 483 28 73 -1 -1 -1 0 
25 4 511 486 22 52 -1 -1 -1 0 
26 3 389 486 28 73 -1 -1 -1 0 
27 3 392 482 25 75 -1 -1 -1 0 
28 3 387 484 30 77 -1 -1 -1 0 
29 3 386 483 30 79 -1 -1 -1 0 
30 3 389 482 29 76 -1 -1 -1 0 
31 3 389 483 28 76 -1 -1 -1 0 
32 3 387 483 27 78 -1 -1 -1 0 
33 3 383 486 30 77 -1 -1 -1 0 
34 3 378 484 30 78 -1 -1 -1 0 
35 3 375 487 31 76 -1 -1 -1 0 
36 3 370 480 28 78 -1 -1 -1 0 
37 3 359 476 29 83 -1 -1 -1 0 
37 4 474 483 22 55 -1 -1 -1 0 
38 3 347 481 30 77 -1 -1 -1 0 
39 3 333 477 31 78 -1 -1 -1 0 
39 4 448 478 25 54 -1 -1 -1 0 
40 3 324 482 30 77 -1 -1 -1 0 
41 3 319 485 28 71 -1 -1 -1 0 
42 3 318 487 28 70 -1 -1 -1 0 
43 3 320 482 25 74 -1 -1 -1 0 
44 3 320 486 28 74 -1 -1 -1 0 
45 3 320 492 27 75 -1 -1 -1 0 
46 3 312 485 30 73 -1 -1 -1 0 
47 3 315 497 29 69 -1 -1 -1 0 
48 3 312 499 29 67 -1 -1 -1 0 
54 7 310 523 31 77 -1 -1 -1 0 
56 7 318 520 29 72 -1 -1 -1 0 
68 7 319 520 29 73 -1 -1 -1 0 
81 14 303 536 26 75 -1 -1 -1 0 
87 3 118 555 32 75 -1 -1 -1 0 
88 3 107 558 32 76 -1 -1 -1 0 
94 7 101 577 31 68 -1 -1 -1 0 
98 14 316 527 30 76 -1 -1 -1 0 
101 14 319 526 30 75 -1 -1 -1 0 
117 14 397 519 33 75 -1 -1 -1 0 
118 14 408 517 34 76 -1 -1 -1 0 
120 14 382 510 29 83 -1 -1 -1 0 
121 14 389 507 29 85 -1 -1 -1 0 
122 14 374 545 29 79 -1 -1 -1 0 
126 14 380 548 28 78 -1 -1 -1 0 
128 14 328 557 33 79 -1 -1 -1 0 
129 14 326 560 34 79 -1 -1 -1 0 
132 22 323 563 32 78 -1 -1 -1 0 
133 22 336 564 28 74 -1 -1 -1 0 
134 22 338 559 29 78 -1 -1 -1 0 
135 22 345 560 33 80 -1 -1 -1 0 
136 14 334 535 36 82 -1 -1 -1 0 
137 14 340 534 37 81 -1 -1 -1 0 
139 14 344 539 35 81 -1 -1 -1 0 
140 14 352 545 34 80 -1 -1 -1 0 
141 14 345 545 35 82 -1 -1 -1 0 
143 14 340 556 27 75 -1 -1 -1 0 
144 14 333 542 34 80 -1 -1 -1 0 
146 14 329 553 32 81 -1 -1 -1 0 
147 14 327 555 33 81 -1 -1 -1 0 
148 22 313 539 35 73 -1 -1 -1 0 
152 14 333 523 29 83 -1 -1 -1 0 
153 14 333 520 29 84 -1 -1 -1 0 
156 14 336 527 32 77 -1 -1 -1 0 
157 14 340 531 32 86 -1 -1 -1 0 
158 14 335 524 38 86 -1 -1 -1 0 
159 14 335 523 38 86 -1 -1 -1 0 
160 14 385 528 32 94 -1 -1 -1 0 
161 14 391 533 31 83 -1 -1 -1 0 
163 14 401 521 32 83 -1 -1 -1 0 
165 14 411 521 30 88 -1 -1 -1 0 
167 14 420 526 32 87 -1 -1 -1 0 
168 14 427 526 31 87 -1 -1 -1 0 
170 14 404 517 34 91 -1 -1 -1 0 
170 32 519 513 29 74 -1 -1 -1 0 
175 14 407 515 35 93 -1 -1 -1 0 
178 14 305 511 38 97 -1 -1 -1 0 
179 14 288 518 38 96 -1 -1 -1 0 
181 14 285 509 39 99 -1 -1 -1 0 
181 32 394 506 34 89 -1 -1 -1 0 
182 14 280 515 35 93 -1 -1 -1 0 
183 14 271 519 36 95 -1 -1 -1 0 
184 14 265 513 44 106 -1 -1 -1 0 
186 14 248 532 42 98 -1 -1 -1 0 
187 14 239 529 39 91 -1 -1 -1 0 
188 14 220 527 39 94 -1 -1 -1 0 
189 14 208 523 42 95 -1 -1 -1 0 
191 14 205 520 60 94 -1 -1 -1 0 
192 14 192 502 41 105 -1 -1 -1 0 
196 14 170 505 47 106 -1 -1 -1 0 
196 32 277 500 45 109 -1 -1 -1 0 
197 14 184 518 43 103 -1 -1 -1 0 
197 32 278 512 41 113 -1 -1 -1 0 
198 14 175 505 41 103 -1 -1 -1 0 
198 32 277 501 39 113 -1 -1 -1 0 
199 14 178 511 43 105 -1 -1 -1 0 
199 32 272 510 43 107 -1 -1 -1 0 
200 14 172 510 44 107 -1 -1 -1 0 
202 14 176 487 50 111 -1 -1 -1 0 
202 32 287 488 37 110 -1 -1 -1 0 
203 14 171 484 52 113 -1 -1 -1 0 
204 14 192 483 45 115 -1 -1 -1 0 
204 32 284 484 45 113 -1 -1 -1 0 
205 14 208 487 46 112 -1 -1 -1 0 
205 32 296 486 46 126 -1 -1 -1 0 
206 14 233 505 49 111 -1 -1 -1 0 
206 32 294 484 47 129 -1 -1 -1 0 
208 14 236 506 50 111 -1 -1 -1 0 
210 14 297 487 45 117 -1 -1 -1 0 
211 14 312 483 49 119 -1 -1 -1 0 
211 32 385 481 59 130 -1 -1 -1 0 
212 14 327 510 45 114 -1 -1 -1 0 
212 32 394 506 55 128 -1 -1 -1 0 
213 14 323 505 46 116 -1 -1 -1 0 
213 32 389 500 57 139 -1 -1 -1 0 
214 14 321 506 45 117 -1 -1 -1 0 
214 32 382 499 57 125 -1 -1 -1 0 
214 49 230 511 34 78 -1 -1 -1 0 
215 14 305 491 50 119 -1 -1 -1 0 
215 32 371 483 52 138 -1 -1 -1 0 
215 49 211 496 34 82 -1 -1 -1 0 
216 14 298 487 43 119 -1 -1 -1 0 
216 32 357 471 55 155 -1 -1 -1 0 
216 49 202 498 36 82 -1 -1 -1 0 
217 14 301 486 43 119 -1 -1 -1 0 
217 32 339 469 58 145 -1 -1 -1 0 
217 49 196 514 38 80 -1 -1 -1 0 
218 14 279 507 44 122 -1 -1 -1 0 
218 32 329 497 56 153 -1 -1 -1 0 
218 49 182 519 41 82 -1 -1 -1 0 
219 14 265 513 61 118 -1 -1 -1 0 
219 32 328 495 56 151 -1 -1 -1 0 
221 14 263 515 64 118 -1 -1 -1 0 
222 32 279 477 62 167 -1 -1 -1 0 
223 32 273 473 65 171 -1 -1 -1 0 
224 14 250 495 46 126 -1 -1 -1 0 
224 32 288 477 60 183 -1 -1 -1 0 
225 14 247 494 47 128 -1 -1 -1 0 
226 32 270 468 79 181 -1 -1 -1 0 
228 32 268 496 79 169 -1 -1 -1 0 
229 32 260 492 78 158 -1 -1 -1 0 
230 32 252 495 81 174 -1 -1 -1 0 
230 51 45 533 42 69 -1 -1 -1 0 
231 32 244 498 80 176 -1 -1 -1 0 
231 51 41 534 40 66 -1 -1 -1 0 
232 32 239 488 78 182 -1 -1 -1 0 
233 32 242 488 75 190 -1 -1 -1 0 
234 32 226 476 86 196 -1 -1 -1 0 
235 32 229 488 83 197 -1 -1 -1 0 
235 54 124 523 32 81 -1 -1 -1 0 
236 32 228 487 101 206 -1 -1 -1 0 
236 54 134 520 36 83 -1 -1 -1 0 
237 32 228 469 100 222 -1 -1 -1 0 
237 54 141 515 32 85 -1 -1 -1 0 
238 32 222 456 104 245 -1 -1 -1 0 
239 32 228 463 102 230 -1 -1 -1 0 
240 32 207 464 107 235 -1 -1 -1 0 
241 32 203 468 112 243 -1 -1 -1 0 
241 51 67 543 34 82 -1 -1 -1 0 
242 14 49 540 43 96 -1 -1 -1 0 
242 32 189 471 105 244 -1 -1 -1 0 
243 14 37 543 43 93 -1 -1 -1 0 
243 32 160 459 115 273 -1 -1 -1 0 
244 32 145 459 113 273 -1 -1 -1 0 
245 32 135 465 125 282 -1 -1 -1 0 
246 32 101 458 137 310 -1 -1 -1 0 
247 32 72 451 141 301 -1 -1 -1 0 
248 32 35 442 141 311 -1 -1 -1 0 
248 61 221 497 56 151 -1 -1 -1 0 
249 32 1 441 148 363 -1 -1 -1 0 
249 61 216 490 57 157 -1 -1 -1 0 
250 32 0 413 122 326 -1 -1 -1 0 
251 32 0 438 109 368 -1 -1 -1 0 
251 61 220 506 62 159 -1 -1 -1 0 
252 32 0 448 88 399 -1 -1 -1 0 
252 61 229 521 47 140 -1 -1 -1 0 
253 32 0 508 65 299 -1 -1 -1 0 
253 61 229 496 60 161 -1 -1 -1 0 
254 32 0 512 50 304 -1 -1 -1 0 
255 61 228 506 63 163 -1 -1 -1 0 
256 61 227 507 65 165 -1 -1 -1 0 
257 63 172 520 57 156 -1 -1 -1 0 
258 63 178 532 42 118 -1 -1 -1 0 
259 63 170 530 48 120 -1 -1 -1 0 
260 63 156 524 63 136 -1 -1 -1 0 
261 63 158 514 62 142 -1 -1 -1 0 
262 63 156 511 63 146 -1 -1 -1 0 
264 61 198 497 71 160 -1 -1 -1 0 
265 61 177 480 68 149 -1 -1 -1 0 
267 61 172 486 75 167 -1 -1 -1 0 
268 61 148 485 81 179 -1 -1 -1 0 
269 61 147 497 82 176 -1 -1 -1 0 
270 61 148 486 78 161 -1 -1 -1 0 
271 61 142 484 79 162 -1 -1 -1 0 
272 61 153 468 85 180 -1 -1 -1 0 
273 61 158 468 79 213 -1 -1 -1 0 
274 61 162 469 89 198 -1 -1 -1 0 
275 61 173 477 87 201 -1 -1 -1 0 
276 61 164 454 95 223 -1 -1 -1 0 
277 61 173 463 91 190 -1 -1 -1 0 
278 61 165 460 91 197 -1 -1 -1 0 
279 61 157 452 94 208 -1 -1 -1 0 
280 61 171 483 97 189 -1 -1 -1 0 
281 61 165 475 95 213 -1 -1 -1 0 
282 61 159 479 102 204 -1 -1 -1 0 
283 61 138 465 117 233 -1 -1 -1 0 
284 61 134 450 99 229 -1 -1 -1 0 
286 61 109 466 116 252 -1 -1 -1 0 
287 61 102 451 97 235 -1 -1 -1 0 
288 61 93 489 112 213 -1 -1 -1 0 
289 61 96 493 97 224 -1 -1 -1 0 
290 61 86 474 95 233 -1 -1 -1 0 
291 61 47 464 96 227 -1 -1 -1 0 
292 61 33 477 105 225 -1 -1 -1 0 
293 61 14 442 101 236 -1 -1 -1 0 
295 61 3 448 88 243 -1 -1 -1 0 
296 61 0 446 77 246 -1 -1 -1 0 
297 61 0 455 68 266 -1 -1 -1 0 
297 70 96 493 83 157 -1 -1 -1 0 
298 61 0 454 55 272 -1 -1 -1 0 
301 70 84 517 91 161 -1 -1 -1 0 
302 70 64 505 75 154 -1 -1 -1 0 
303 70 45 491 60 151 -1 -1 -1 0 
304 70 40 491 74 178 -1 -1 -1 0 
305 70 49 488 77 181 -1 -1 -1 0 
306 70 51 490 68 185 -1 -1 -1 0 
307 70 28 488 66 188 -1 -1 -1 0 
308 70 23 501 72 174 -1 -1 -1 0 
309 70 12 478 68 196 -1 -1 -1 0 
310 70 3 474 63 204 -1 -1 -1 0 
311 70 0 477 59 211 -1 -1 -1 0 
313 70 0 492 55 202 -1 -1 -1 0 
314 70 0 470 64 216 -1 -1 -1 0 
315 70 0 461 66 227 -1 -1 -1 0 
316 70 0 459 64 232 -1 -1 -1 0 
318 70 0 446 106 236 -1 -1 -1 0 
319 70 7 430 88 243 -1 -1 -1 0 
320 70 3 453 105 225 -1 -1 -1 0 
321 70 12 452 102 247 -1 -1 -1 0 
322 70 13 450 92 258 -1 -1 -1 0 
324 70 12 442 89 270 -1 -1 -1 0 
325 70 22 452 97 288 -1 -1 -1 0 
326 70 27 445 101 289 -1 -1 -1 0 
326 77 239 482 52 134 -1 -1 -1 0 
327 70 39 453 80 275 -1 -1 -1 0 
327 77 236 483 41 128 -1 -1 -1 0 
328 70 31 448 96 306 -1 -1 -1 0 
328 77 240 491 44 153 -1 -1 -1 0 
329 70 21 433 111 328 -1 -1 -1 0 
329 77 234 488 46 142 -1 -1 -1 0 
330 70 5 417 138 355 -1 -1 -1 0 
330 77 244 507 44 135 -1 -1 -1 0 
331 70 10 441 131 336 -1 -1 -1 0 
331 77 243 499 41 137 -1 -1 -1 0 
332 70 0 443 162 350 -1 -1 -1 0 
332 77 221 491 47 147 -1 -1 -1 0 
333 70 4 442 137 353 -1 -1 -1 0 
333 77 197 481 53 151 -1 -1 -1 0 
334 70 9 476 113 326 -1 -1 -1 0 
334 77 187 493 49 144 -1 -1 -1 0 
335 70 8 478 115 332 -1 -1 -1 0 
338 77 113 485 61 167 -1 -1 -1 0 
339 77 100 484 63 171 -1 -1 -1 0 
340 77 63 472 67 175 -1 -1 -1 0 
340 86 2 490 48 158 -1 -1 -1 0 
341 77 45 469 69 179 -1 -1 -1 0 
344 89 233 515 57 126 -1 -1 -1 0 
345 89 199 497 59 130 -1 -1 -1 0 
346 89 189 524 59 134 -1 -1 -1 0 
347 89 178 520 59 138 -1 -1 -1 0 
348 89 167 512 63 139 -1 -1 -1 0 
374 89 153 513 64 140 -1 -1 -1 0 
378 94 271 492 42 88 -1 -1 -1 0 
380 94 269 485 41 86 -1 -1 -1 0 
381 94 263 483 43 87 -1 -1 -1 0 
382 94 263 482 44 95 -1 -1 -1 0 
383 94 256 477 42 95 -1 -1 -1 0 
385 94 257 490 45 96 -1 -1 -1 0 
386 94 260 505 45 92 -1 -1 -1 0 
388 94 254 495 40 91 -1 -1 -1 0 
389 94 248 484 44 88 -1 -1 -1 0 
390 94 256 483 38 96 -1 -1 -1 0 
390 98 186 475 36 119 -1 -1 -1 0 
392 94 250 466 46 100 -1 -1 -1 0 
392 98 177 452 40 127 -1 -1 -1 0 
393 94 259 487 48 99 -1 -1 -1 0 
393 98 183 483 37 118 -1 -1 -1 0 
394 94 259 489 48 101 -1 -1 -1 0 
394 98 184 478 36 129 -1 -1 -1 0 
395 94 254 487 50 103 -1 -1 -1 0 
396 94 252 495 51 102 -1 -1 -1 0 
397 94 250 491 47 103 -1 -1 -1 0 
400 94 243 498 45 103 -1 -1 -1 0 
401 94 229 499 54 107 -1 -1 -1 0 
402 94 237 514 54 105 -1 -1 -1 0 
402 100 134 510 50 129 -1 -1 -1 0 
407 94 235 517 56 105 -1 -1 -1 0 
408 94 194 496 51 108 -1 -1 -1 0 
410 94 191 501 44 111 -1 -1 -1 0 
411 94 184 511 42 102 -1 -1 -1 0 
412 94 179 511 46 103 -1 -1 -1 0 
413 94 186 507 47 113 -1 -1 -1 0 
414 94 182 510 52 114 -1 -1 -1 0 
416 94 169 511 52 116 -1 -1 -1 0 
418 94 156 516 54 120 -1 -1 -1 0 
419 94 153 511 57 122 -1 -1 -1 0 
420 94 141 507 66 130 -1 -1 -1 0 
423 94 139 509 64 137 -1 -1 -1 0 
424 94 140 502 62 132 -1 -1 -1 0 
426 94 136 505 57 135 -1 -1 -1 0 
429 94 112 503 55 134 -1 -1 -1 0 
430 94 96 515 54 130 -1 -1 -1 0 
431 94 94 519 50 131 -1 -1 -1 0 
434 94 73 516 48 137 -1 -1 -1 0 
435 94 67 515 53 135 -1 -1 -1 0 
438 94 39 513 60 138 -1 -1 -1 0 
439 94 35 505 49 150 -1 -1 -1 0 
440 94 30 505 56 157 -1 -1 -1 0 
443 94 20 504 58 161 -1 -1 -1 0 
447 104 104 488 46 105 -1 -1 -1 0 
452 104 94 474 50 114 -1 -1 -1 0 
459 94 0 476 67 184 -1 -1 -1 0 
462 94 0 486 57 179 -1 -1 -1 0 
473 94 0 484 52 183 -1 -1 -1 0 
638 114 357 501 46 99 -1 -1 -1 0 
639 114 350 493 51 111 -1 -1 -1 0 
640 115 113 519 134 173 -1 -1 -1 0 
642 115 101 514 128 187 -1 -1 -1 0 
645 115 39 525 172 210 -1 -1 -1 0 
649 115 26 528 146 221 -1 -1 -1 0 
652 115 3 517 125 250 -1 -1 -1 0 
653 115 0 523 112 249 -1 -1 -1 0 
655 115 0 525 91 260 -1 -1 -1 0 
715 125 225 476 57 178 -1 -1 -1 0 
716 125 230 483 53 165 -1 -1 -1 0 
717 125 229 490 47 147 -1 -1 -1 0 
721 125 227 492 45 143 -1 -1 -1 0 
725 127 177 463 67 183 -1 -1 -1 0 
727 127 142 451 79 207 -1 -1 -1 0 
730 127 101 467 76 206 -1 -1 -1 0 
732 127 78 466 79 215 -1 -1 -1 0 
733 127 78 470 103 236 -1 -1 -1 0 
733 133 578 472 52 93 -1 -1 -1 0 
733 134 610 452 91 145 -1 -1 -1 0 
735 127 56 470 114 248 -1 -1 -1 0 
735 133 585 476 44 78 -1 -1 -1 0 
735 134 608 454 98 155 -1 -1 -1 0 
736 127 41 460 109 251 -1 -1 -1 0 
737 127 19 458 113 259 -1 -1 -1 0 
738 127 14 456 109 258 -1 -1 -1 0 
738 134 620 435 83 127 -1 -1 -1 0 
738 139 577 446 55 138 -1 -1 -1 0 
739 127 4 452 92 272 -1 -1 -1 0 
739 134 652 450 47 97 -1 -1 -1 0 
739 139 576 460 56 137 -1 -1 -1 0 
740 127 0 443 83 278 -1 -1 -1 0 
740 134 657 451 44 91 -1 -1 -1 0 
740 139 568 460 56 138 -1 -1 -1 0 
741 127 0 456 63 265 -1 -1 -1 0 
741 139 565 458 57 141 -1 -1 -1 0 
742 127 0 455 50 271 -1 -1 -1 0 
742 139 557 442 57 158 -1 -1 -1 0 
743 139 550 453 57 147 -1 -1 -1 0 
743 144 628 435 53 109 -1 -1 -1 0 
744 139 560 454 50 158 -1 -1 -1 0 
745 139 574 454 59 152 -1 -1 -1 0 
746 139 562 452 57 172 -1 -1 -1 0 
747 139 560 450 59 178 -1 -1 -1 0 
750 139 555 462 64 173 -1 -1 -1 0 
750 154 610 445 103 186 -1 -1 -1 0 
751 139 554 462 64 176 -1 -1 -1 0 
751 154 609 443 109 197 -1 -1 -1 0 
752 139 557 440 66 193 -1 -1 -1 0 
752 155 907 466 61 135 -1 -1 -1 0 
753 139 555 438 69 198 -1 -1 -1 0 
753 155 925 452 49 145 -1 -1 -1 0 
754 155 908 465 54 141 -1 -1 -1 0 
755 139 561 444 65 195 -1 -1 -1 0 
755 155 920 448 59 130 -1 -1 -1 0 
755 157 656 422 62 126 -1 -1 -1 0 
756 139 561 443 65 198 -1 -1 -1 0 
756 155 910 470 54 133 -1 -1 -1 0 
756 157 657 422 62 128 -1 -1 -1 0 
757 139 569 456 66 177 -1 -1 -1 0 
757 155 926 463 59 105 -1 -1 -1 0 
757 157 655 434 68 130 -1 -1 -1 0 
757 160 1042 466 37 147 -1 -1 -1 0 
757 161 359 484 44 103 -1 -1 -1 0 
758 139 568 437 73 90 -1 -1 -1 0 
758 155 937 466 52 139 -1 -1 -1 0 
758 157 658 429 76 130 -1 -1 -1 0 
758 160 1050 462 29 152 -1 -1 -1 0 
759 139 571 436 69 80 -1 -1 -1 0 
759 155 935 475 53 138 -1 -1 -1 0 
759 157 678 430 59 130 -1 -1 -1 0 
759 161 368 493 41 88 -1 -1 -1 0 
760 155 936 477 54 142 -1 -1 -1 0 
760 157 674 441 76 122 -1 -1 -1 0 
761 157 692 430 69 138 -1 -1 -1 0 
761 164 591 453 72 204 -1 -1 -1 0 
762 155 958 475 60 144 -1 -1 -1 0 
762 157 710 422 69 146 -1 -1 -1 0 
763 155 961 476 62 147 -1 -1 -1 0 
764 155 989 466 61 149 -1 -1 -1 0 
764 157 734 419 66 139 -1 -1 -1 0 
764 161 391 489 37 101 -1 -1 -1 0 
765 155 1001 461 57 128 -1 -1 -1 0 
765 157 742 417 68 139 -1 -1 -1 0 
766 155 992 474 67 114 -1 -1 -1 0 
766 157 763 409 65 156 -1 -1 -1 0 
767 155 997 474 68 114 -1 -1 -1 0 
768 157 772 409 76 162 -1 -1 -1 0 
768 161 407 477 43 114 -1 -1 -1 0 
769 157 782 396 87 160 -1 -1 -1 0 
769 161 409 481 42 107 -1 -1 -1 0 
771 157 789 427 83 159 -1 -1 -1 0 
771 161 413 481 42 107 -1 -1 -1 0 
771 164 671 459 82 218 -1 -1 -1 0 
773 157 816 371 108 174 -1 -1 -1 0 
773 164 680 461 83 218 -1 -1 -1 0 
774 157 783 435 93 161 -1 -1 -1 0 
774 161 386 480 46 126 -1 -1 -1 0 
774 164 652 456 87 276 -1 -1 -1 0 
775 157 797 422 94 169 -1 -1 -1 0 
775 161 388 496 45 113 -1 -1 -1 0 
775 164 651 439 104 171 -1 -1 -1 0 
776 157 806 412 95 169 -1 -1 -1 0 
776 161 389 497 45 115 -1 -1 -1 0 
777 157 839 375 100 179 -1 -1 -1 0 
777 161 405 462 46 121 -1 -1 -1 0 
778 157 818 380 100 189 -1 -1 -1 0 
778 161 377 458 49 120 -1 -1 -1 0 
779 157 795 376 100 178 -1 -1 -1 0 
779 161 375 456 50 120 -1 -1 -1 0 
780 157 795 366 109 212 -1 -1 -1 0 
780 161 343 475 51 124 -1 -1 -1 0 
780 174 903 375 103 170 -1 -1 -1 0 
781 157 790 390 123 187 -1 -1 -1 0 
781 161 338 475 51 126 -1 -1 -1 0 
782 157 823 390 110 193 -1 -1 -1 0 
782 177 667 397 103 337 -1 -1 -1 0 
783 157 841 377 116 195 -1 -1 -1 0 
783 177 674 401 184 346 -1 -1 -1 0 
784 157 848 374 120 199 -1 -1 -1 0 
785 177 723 418 236 329 -1 -1 -1 0 
786 177 755 418 180 325 -1 -1 -1 0 
787 177 769 393 189 346 -1 -1 -1 0 
788 177 774 360 161 384 -1 -1 -1 0 
789 177 816 322 232 415 -1 -1 -1 0 
790 177 807 378 269 394 -1 -1 -1 0 
791 177 839 358 240 406 -1 -1 -1 0 
792 177 866 350 153 424 -1 -1 -1 0 
793 177 838 364 241 395 -1 -1 -1 0 
794 177 870 373 164 446 -1 -1 -1 0 
795 161 431 483 56 157 -1 -1 -1 0 
795 177 870 354 164 472 -1 -1 -1 0 
796 161 392 460 61 164 -1 -1 -1 0 
796 177 863 327 164 496 -1 -1 -1 0 
797 161 369 443 63 169 -1 -1 -1 0 
797 177 849 302 167 523 -1 -1 -1 0 
798 161 340 466 79 173 -1 -1 -1 0 
798 177 843 311 167 508 -1 -1 -1 0 
799 161 338 473 64 184 -1 -1 -1 0 
799 177 833 337 171 532 -1 -1 -1 0 
800 161 330 486 64 160 -1 -1 -1 0 
800 177 844 321 181 563 -1 -1 -1 0 
801 161 324 497 63 174 -1 -1 -1 0 
801 177 853 302 221 581 -1 -1 -1 0 
802 161 319 499 65 177 -1 -1 -1 0 
803 161 275 449 75 208 -1 -1 -1 0 
803 177 873 256 197 660 -1 -1 -1 0 
804 161 260 473 77 200 -1 -1 -1 0 
804 177 875 279 199 651 -1 -1 -1 0 
805 161 246 456 68 215 -1 -1 -1 0 
805 177 889 245 188 718 -1 -1 -1 0 
806 161 234 454 69 221 -1 -1 -1 0 
807 161 234 454 74 218 -1 -1 -1 0 
807 177 913 240 166 751 -1 -1 -1 0 
808 161 210 433 91 235 -1 -1 -1 0 
808 177 963 299 113 720 -1 -1 -1 0 
809 161 213 454 93 224 -1 -1 -1 0 
809 177 967 323 110 721 -1 -1 -1 0 
810 161 218 462 93 235 -1 -1 -1 0 
810 177 988 337 91 749 -1 -1 -1 0 
811 161 222 455 96 248 -1 -1 -1 0 
812 161 231 450 102 252 -1 -1 -1 0 
813 161 220 403 100 271 -1 -1 -1 0 
814 161 233 440 96 272 -1 -1 -1 0 
815 161 222 436 106 275 -1 -1 -1 0 
816 161 222 422 102 290 -1 -1 -1 0 
817 161 200 397 121 318 -1 -1 -1 0 
818 161 191 429 123 306 -1 -1 -1 0 
819 161 160 413 131 337 -1 -1 -1 0 
820 161 137 397 119 355 -1 -1 -1 0 
821 161 106 413 141 371 -1 -1 -1 0 
822 161 82 414 137 383 -1 -1 -1 0 
823 161 30 401 208 414 -1 -1 -1 0 
824 161 14 402 158 433 -1 -1 -1 0 
825 161 2 407 152 445 -1 -1 -1 0 
826 161 2 376 106 492 -1 -1 -1 0 
827 161 0 443 81 457 -1 -1 -1 0 
828 161 0 457 46 469 -1 -1 -1 0 
840 161 0 461 21 481 -1 -1 -1 0 
843 188 154 533 40 118 -1 -1 -1 0 
846 188 139 540 47 121 -1 -1 -1 0 
847 188 140 547 47 124 -1 -1 -1 0 
852 188 118 535 48 130 -1 -1 -1 0 
856 188 112 552 49 136 -1 -1 -1 0 
857 188 98 534 61 140 -1 -1 -1 0 
858 188 98 518 56 144 -1 -1 -1 0 
859 188 100 531 52 140 -1 -1 -1 0 
860 188 97 533 72 131 -1 -1 -1 0 
861 188 106 525 61 134 -1 -1 -1 0 
862 188 114 537 51 138 -1 -1 -1 0 
863 188 114 515 56 145 -1 -1 -1 0 
864 188 118 510 65 148 -1 -1 -1 0 
866 188 133 497 65 147 -1 -1 -1 0 
867 188 138 492 47 148 -1 -1 -1 0 
868 188 128 489 74 149 -1 -1 -1 0 
870 188 163 511 59 156 -1 -1 -1 0 
871 188 157 516 60 154 -1 -1 -1 0 
872 188 152 507 62 149 -1 -1 -1 0 
873 188 141 507 66 151 -1 -1 -1 0 
874 188 156 516 60 152 -1 -1 -1 0 
875 188 147 512 57 157 -1 -1 -1 0 
876 188 158 510 68 160 -1 -1 -1 0 
878 188 142 509 67 168 -1 -1 -1 0 
880 188 151 528 64 164 -1 -1 -1 0 
881 188 127 500 72 175 -1 -1 -1 0 
883 188 114 511 69 175 -1 -1 -1 0 
884 188 94 514 80 174 -1 -1 -1 0 
885 188 85 501 67 177 -1 -1 -1 0 
886 188 80 505 81 172 -1 -1 -1 0 
887 188 81 517 66 171 -1 -1 -1 0 
888 188 60 499 71 185 -1 -1 -1 0 
889 188 52 522 87 175 -1 -1 -1 0 
890 188 44 514 96 182 -1 -1 -1 0 
891 188 32 514 89 184 -1 -1 -1 0 
892 188 29 536 92 179 -1 -1 -1 0 
895 188 21 539 96 180 -1 -1 -1 0 
920 192 992 443 39 130 -1 -1 -1 0 
922 192 982 444 47 137 -1 -1 -1 0 
924 192 993 443 38 136 -1 -1 -1 0 
925 192 997 457 38 133 -1 -1 -1 0 
927 192 1040 431 36 146 -1 -1 -1 0 
931 192 1049 471 30 117 -1 -1 -1 0 
932 192 1047 472 31 124 -1 -1 -1 0 
939 192 1049 435 30 127 -1 -1 -1 0 
940 192 1055 430 24 128 -1 -1 -1 0 
941 192 1001 424 44 120 -1 -1 -1 0 
942 192 982 444 43 115 -1 -1 -1 0 
943 192 986 446 41 119 -1 -1 -1 0 
944 192 986 440 57 126 -1 -1 -1 0 
946 192 984 438 59 127 -1 -1 -1 0 
947 192 988 474 43 121 -1 -1 -1 0 
948 192 992 459 44 116 -1 -1 -1 0 
951 192 1003 462 43 126 -1 -1 -1 0 
952 192 1002 440 56 124 -1 -1 -1 0 
954 192 993 462 47 130 -1 -1 -1 0 
955 192 997 468 57 140 -1 -1 -1 0 
956 192 1009 463 49 126 -1 -1 -1 0 
958 192 1010 464 50 127 -1 -1 -1 0 
959 192 1026 466 45 137 -1 -1 -1 0 
960 192 1012 474 58 138 -1 -1 -1 0 
961 192 1000 459 58 144 -1 -1 -1 0 
962 192 989 463 66 144 -1 -1 -1 0 
963 192 996 469 55 142 -1 -1 -1 0 
964 192 1011 455 52 138 -1 -1 -1 0 
972 192 1032 460 47 137 -1 -1 -1 0 
973 192 1038 454 39 146 -1 -1 -1 0 
974 192 1041 453 38 148 -1 -1 -1 0 
976 199 88 492 33 90 -1 -1 -1 0 
986 200 989 475 69 143 -1 -1 -1 0 
988 200 953 450 80 147 -1 -1 -1 0 
989 200 953 459 69 149 -1 -1 -1 0 
990 200 940 473 82 150 -1 -1 -1 0 
991 200 951 478 71 146 -1 -1 -1 0 
992 200 938 461 80 148 -1 -1 -1 0 
993 200 917 464 85 158 -1 -1 -1 0 
994 200 929 451 91 175 -1 -1 -1 0 
995 200 915 475 79 159 -1 -1 -1 0 
996 200 923 456 81 166 -1 -1 -1 0 
997 200 918 467 88 172 -1 -1 -1 0 
998 200 917 477 90 164 -1 -1 -1 0 
999 200 921 486 93 161 -1 -1 -1 0 
1000 200 936 480 87 165 -1 -1 -1 0 
1001 200 926 452 110 189 -1 -1 -1 0 
1002 200 932 455 113 200 -1 -1 -1 0 
1003 200 945 479 94 176 -1 -1 -1 0 
1004 200 939 488 101 177 -1 -1 -1 0 
1005 200 958 473 107 187 -1 -1 -1 0 
1006 200 960 470 108 191 -1 -1 -1 0 
1007 200 953 480 109 183 -1 -1 -1 0 
1008 200 969 495 95 173 -1 -1 -1 0 
1009 200 967 492 96 169 -1 -1 -1 0 
1011 200 991 477 85 174 -1 -1 -1 0 
1014 200 978 495 99 191 -1 -1 -1 0 
1016 200 987 485 92 189 -1 -1 -1 0 
1024 200 990 486 89 191 -1 -1 -1 0 
1027 200 992 471 87 190 -1 -1 -1 0 
1027 203 70 457 66 172 -1 -1 -1 0 
1028 200 995 471 84 190 -1 -1 -1 0 
1029 200 996 476 83 177 -1 -1 -1 0 
1029 203 90 465 65 176 -1 -1 -1 0 
1030 200 999 476 80 177 -1 -1 -1 0 
1031 203 96 454 71 182 -1 -1 -1 0 
1032 203 98 470 68 178 -1 -1 -1 0 
1033 203 91 456 60 182 -1 -1 -1 0 
1034 203 83 451 71 183 -1 -1 -1 0 
1035 203 95 464 67 187 -1 -1 -1 0 
1036 200 980 463 97 170 -1 -1 -1 0 
1036 203 86 456 65 177 -1 -1 -1 0 
1037 200 980 462 97 169 -1 -1 -1 0 
1038 203 47 394 86 237 -1 -1 -1 0 
1039 203 59 459 74 197 -1 -1 -1 0 
1040 200 912 446 103 191 -1 -1 -1 0 
1040 203 42 452 77 200 -1 -1 -1 0 
1041 200 905 443 94 174 -1 -1 -1 0 
1041 203 28 445 76 191 -1 -1 -1 0 
1042 200 897 440 95 174 -1 -1 -1 0 
1043 200 868 434 91 164 -1 -1 -1 0 
1043 203 0 450 76 183 -1 -1 -1 0 
1044 200 858 431 90 162 -1 -1 -1 0 
1046 200 850 431 87 171 -1 -1 -1 0 
1046 203 0 473 73 182 -1 -1 -1 0 
1048 200 830 430 99 174 -1 -1 -1 0 
1048 203 0 466 59 175 -1 -1 -1 0 
1049 200 801 428 103 195 -1 -1 -1 0 
1049 203 0 485 64 167 -1 -1 -1 0 
1050 200 796 425 101 203 -1 -1 -1 0 
1050 203 1 475 53 180 -1 -1 -1 0 
1051 200 796 438 94 179 -1 -1 -1 0 
1051 203 0 474 46 183 -1 -1 -1 0 
1052 200 800 425 79 211 -1 -1 -1 0 
1056 200 758 425 93 189 -1 -1 -1 0 
1057 200 763 440 87 161 -1 -1 -1 0 
1058 200 750 472 100 176 -1 -1 -1 0 
1060 200 738 475 103 177 -1 -1 -1 0 
1061 200 767 460 92 178 -1 -1 -1 0 
1062 200 759 456 101 180 -1 -1 -1 0 
1062 203 0 480 55 193 -1 -1 -1 0 
1064 200 744 458 101 184 -1 -1 -1 0 
1064 203 2 484 47 188 -1 -1 -1 0 
1068 200 712 461 96 178 -1 -1 -1 0 
1069 200 697 455 111 113 -1 -1 -1 0 
1071 200 701 463 101 128 -1 -1 -1 0 
1075 200 684 477 90 116 -1 -1 -1 0 
1078 200 661 493 58 154 -1 -1 -1 0 
1081 200 621 474 90 173 -1 -1 -1 0 
1082 200 607 477 77 170 -1 -1 -1 0 
1083 200 591 477 77 170 -1 -1 -1 0 
1084 200 581 470 81 176 -1 -1 -1 0 
1085 200 563 468 81 178 -1 -1 -1 0 
1086 200 548 477 73 162 -1 -1 -1 0 
1087 200 534 475 72 177 -1 -1 -1 0 
1088 200 526 467 78 176 -1 -1 -1 0 
1089 200 510 481 72 168 -1 -1 -1 0 
1090 200 500 473 74 178 -1 -1 -1 0 
1091 200 496 482 86 170 -1 -1 -1 0 
1092 200 486 473 77 177 -1 -1 -1 0 
1093 200 475 481 84 164 -1 -1 -1 0 
1094 200 459 480 81 175 -1 -1 -1 0 
1096 200 433 479 83 179 -1 -1 -1 0 
1097 200 425 473 74 182 -1 -1 -1 0 
1098 200 408 476 79 184 -1 -1 -1 0 
1099 200 386 466 77 184 -1 -1 -1 0 
1100 200 371 466 77 185 -1 -1 -1 0 
1101 200 353 490 77 182 -1 -1 -1 0 
1104 200 337 492 78 183 -1 -1 -1 0 
1113 200 261 513 63 174 -1 -1 -1 0 
1116 200 241 517 62 173 -1 -1 -1 0 
1118 209 317 467 63 175 -1 -1 -1 0 
1119 209 341 461 64 184 -1 -1 -1 0 
1120 209 366 467 65 183 -1 -1 -1 0 
1121 209 389 496 67 171 -1 -1 -1 0 
1122 209 401 488 66 182 -1 -1 -1 0 
1123 209 412 491 67 182 -1 -1 -1 0 
1124 209 427 500 65 170 -1 -1 -1 0 
1125 209 446 503 59 172 -1 -1 -1 0 
1126 209 464 472 62 180 -1 -1 -1 0 
1127 209 482 464 63 188 -1 -1 -1 0 
1128 209 493 462 65 186 -1 -1 -1 0 
1129 209 500 460 63 191 -1 -1 -1 0 
1130 209 497 449 71 169 -1 -1 -1 0 
1131 209 495 443 60 166 -1 -1 -1 0 
1132 209 484 466 59 158 -1 -1 -1 0 
1133 209 464 490 62 146 -1 -1 -1 0 
1134 209 441 464 66 169 -1 -1 -1 0 
1135 209 440 440 64 178 -1 -1 -1 0 
1137 209 444 459 62 176 -1 -1 -1 0 
1138 209 448 450 65 183 -1 -1 -1 0 
1139 209 454 466 70 170 -1 -1 -1 0 
1140 209 459 464 68 182 -1 -1 -1 0 
1141 209 461 465 67 185 -1 -1 -1 0 
1142 209 461 464 61 176 -1 -1 -1 0 
1143 209 458 449 62 163 -1 -1 -1 0 
1144 209 456 443 66 189 -1 -1 -1 0 
1145 209 471 461 64 172 -1 -1 -1 0 
1146 209 491 462 62 172 -1 -1 -1 0 
1147 209 495 455 64 173 -1 -1 -1 0 
1148 209 497 448 62 191 -1 -1 -1 0 
1149 209 496 454 65 174 -1 -1 -1 0 
1150 209 494 450 59 172 -1 -1 -1 0 
1151 209 485 443 58 183 -1 -1 -1 0 
1152 209 474 450 63 173 -1 -1 -1 0 
1153 209 470 435 62 175 -1 -1 -1 0 
1154 209 461 431 69 175 -1 -1 -1 0 
1155 209 461 446 67 171 -1 -1 -1 0 
1156 209 458 442 69 171 -1 -1 -1 0 
1157 209 442 439 73 160 -1 -1 -1 0 
1158 209 432 433 67 159 -1 -1 -1 0 
1159 209 425 440 62 177 -1 -1 -1 0 
1160 209 430 466 60 151 -1 -1 -1 0 
1161 209 425 456 69 150 -1 -1 -1 0 
1162 209 411 448 64 171 -1 -1 -1 0 
1163 209 403 452 71 172 -1 -1 -1 0 
1164 209 399 472 63 168 -1 -1 -1 0 
1165 209 392 472 70 159 -1 -1 -1 0 
1166 209 374 457 71 171 -1 -1 -1 0 
1167 209 351 465 65 172 -1 -1 -1 0 
1168 209 337 473 67 162 -1 -1 -1 0 
1169 209 324 479 72 157 -1 -1 -1 0 
1170 209 311 468 61 156 -1 -1 -1 0 
1171 209 301 479 63 141 -1 -1 -1 0 
1172 209 307 485 62 147 -1 -1 -1 0 
1173 209 313 473 61 166 -1 -1 -1 0 
1174 209 326 464 59 165 -1 -1 -1 0 
1175 209 353 461 60 159 -1 -1 -1 0 
1176 209 353 460 60 159 -1 -1 -1 0 
1178 209 454 455 66 183 -1 -1 -1 0 
1179 209 468 458 64 189 -1 -1 -1 0 
1180 209 476 472 58 160 -1 -1 -1 0 
1181 209 479 463 61 158 -1 -1 -1 0 
1182 209 471 448 64 164 -1 -1 -1 0 
1183 209 452 454 66 183 -1 -1 -1 0 
1183 219 218 471 81 233 -1 -1 -1 0 
1184 209 437 469 61 168 -1 -1 -1 0 
1184 219 206 485 83 241 -1 -1 -1 0 
1185 209 429 451 63 188 -1 -1 -1 0 
1185 220 0 498 129 204 -1 -1 -1 0 
1186 209 418 458 65 168 -1 -1 -1 0 
1186 219 150 443 107 249 -1 -1 -1 0 
1187 209 395 454 64 183 -1 -1 -1 0 
1188 209 370 479 59 174 -1 -1 -1 0 
1189 209 366 478 62 177 -1 -1 -1 0 
1190 209 362 471 63 170 -1 -1 -1 0 
1190 222 45 455 120 231 -1 -1 -1 0 
1191 209 365 459 65 194 -1 -1 -1 0 
1192 209 387 477 60 162 -1 -1 -1 0 
1193 209 398 493 62 166 -1 -1 -1 0 
1194 209 406 491 63 151 -1 -1 -1 0 
1195 209 403 468 63 154 -1 -1 -1 0 
1196 209 408 466 57 177 -1 -1 -1 0 
1197 209 417 471 62 173 -1 -1 -1 0 
1197 222 6 407 130 304 -1 -1 -1 0 
1198 209 431 472 61 181 -1 -1 -1 0 
1198 222 0 403 141 296 -1 -1 -1 0 
1198 226 314 479 65 181 -1 -1 -1 0 
1199 209 441 472 64 176 -1 -1 -1 0 
1199 222 12 400 111 309 -1 -1 -1 0 
1200 209 452 460 52 169 -1 -1 -1 0 
1201 209 453 456 59 187 -1 -1 -1 0 
1202 209 459 467 62 178 -1 -1 -1 0 
1202 222 6 383 84 355 -1 -1 -1 0 
1203 209 469 478 61 176 -1 -1 -1 0 
1203 222 3 382 76 361 -1 -1 -1 0 
1203 227 336 465 65 198 -1 -1 -1 0 
