3 1 868 414 110 319 -1 -1 -1 0 
3 2 786 422 98 315 -1 -1 -1 0 
3 3 387 505 27 85 -1 -1 -1 0 
4 1 886 412 112 324 -1 -1 -1 0 
4 2 801 417 104 321 -1 -1 -1 0 
4 3 397 498 31 92 -1 -1 -1 0 
5 1 887 401 114 328 -1 -1 -1 0 
5 2 800 410 104 325 -1 -1 -1 0 
5 3 385 494 30 90 -1 -1 -1 0 
6 1 880 397 112 335 -1 -1 -1 0 
6 2 795 413 100 326 -1 -1 -1 0 
6 3 372 496 33 94 -1 -1 -1 0 
7 1 885 401 110 336 -1 -1 -1 0 
7 2 798 416 102 329 -1 -1 -1 0 
7 3 373 504 33 94 -1 -1 -1 0 
7 8 456 502 27 78 -1 -1 -1 0 
8 1 888 397 114 338 -1 -1 -1 0 
8 2 790 415 119 331 -1 -1 -1 0 
8 3 372 489 32 94 -1 -1 -1 0 
8 8 456 507 26 78 -1 -1 -1 0 
9 1 919 380 117 347 -1 -1 -1 0 
9 2 826 398 105 338 -1 -1 -1 0 
9 3 373 486 31 95 -1 -1 -1 0 
10 1 931 377 114 355 -1 -1 -1 0 
10 2 834 399 105 343 -1 -1 -1 0 
11 1 941 371 112 361 -1 -1 -1 0 
11 2 842 401 111 338 -1 -1 -1 0 
11 3 397 486 32 95 -1 -1 -1 0 
11 13 184 489 89 153 -1 -1 -1 0 
11 15 461 484 34 84 -1 -1 -1 0 
12 1 952 375 119 362 -1 -1 -1 0 
12 2 854 403 112 342 -1 -1 -1 0 
12 3 408 493 30 90 -1 -1 -1 0 
12 13 185 487 90 156 -1 -1 -1 0 
12 15 464 487 40 83 -1 -1 -1 0 
13 1 976 376 102 375 -1 -1 -1 0 
13 2 878 403 110 348 -1 -1 -1 0 
13 3 420 490 31 94 -1 -1 -1 0 
13 15 484 488 38 80 -1 -1 -1 0 
13 16 683 471 29 93 -1 -1 -1 0 
14 1 978 388 101 366 -1 -1 -1 0 
14 2 904 391 133 358 -1 -1 -1 0 
14 3 436 496 32 95 -1 -1 -1 0 
14 15 500 489 38 81 -1 -1 -1 0 
14 16 693 471 29 95 -1 -1 -1 0 
15 1 1026 411 53 347 -1 -1 -1 0 
15 2 929 407 114 354 -1 -1 -1 0 
15 3 459 489 30 96 -1 -1 -1 0 
15 8 523 489 36 85 -1 -1 -1 0 
15 15 508 488 39 83 -1 -1 -1 0 
16 1 1040 413 39 348 -1 -1 -1 0 
16 2 952 397 118 365 -1 -1 -1 0 
17 2 954 399 120 360 -1 -1 -1 0 
17 3 465 487 30 96 -1 -1 -1 0 
18 2 956 395 120 371 -1 -1 -1 0 
18 3 463 495 29 96 -1 -1 -1 0 
19 2 958 389 118 371 -1 -1 -1 0 
19 3 451 495 32 98 -1 -1 -1 0 
20 2 940 387 133 389 -1 -1 -1 0 
20 3 430 499 34 95 -1 -1 -1 0 
20 20 488 501 38 72 -1 -1 -1 0 
21 2 929 384 142 386 -1 -1 -1 0 
21 3 397 506 34 87 -1 -1 -1 0 
21 20 460 496 37 84 -1 -1 -1 0 
22 2 892 371 130 400 -1 -1 -1 0 
22 3 394 507 34 87 -1 -1 -1 0 
22 20 423 502 38 84 -1 -1 -1 0 
23 1 982 358 97 409 -1 -1 -1 0 
23 2 874 374 126 400 -1 -1 -1 0 
23 20 399 503 38 86 -1 -1 -1 0 
24 1 977 326 102 453 -1 -1 -1 0 
24 2 872 372 128 410 -1 -1 -1 0 
24 3 323 509 34 98 -1 -1 -1 0 
25 1 976 360 103 428 -1 -1 -1 0 
25 2 861 377 141 417 -1 -1 -1 0 
25 3 318 506 31 99 -1 -1 -1 0 
26 1 977 371 102 399 -1 -1 -1 0 
26 2 871 385 148 412 -1 -1 -1 0 
26 3 314 510 34 101 -1 -1 -1 0 
26 27 374 507 36 87 -1 -1 -1 0 
27 1 987 360 92 415 -1 -1 -1 0 
27 2 863 378 182 420 -1 -1 -1 0 
27 3 300 509 35 98 -1 -1 -1 0 
27 27 369 509 29 85 -1 -1 -1 0 
28 1 988 354 91 433 -1 -1 -1 0 
28 2 860 384 178 416 -1 -1 -1 0 
28 3 297 511 35 98 -1 -1 -1 0 
28 27 357 502 35 83 -1 -1 -1 0 
29 1 1002 338 77 457 -1 -1 -1 0 
29 2 880 373 178 430 -1 -1 -1 0 
29 3 294 508 39 104 -1 -1 -1 0 
30 1 992 350 87 452 -1 -1 -1 0 
30 2 869 378 157 430 -1 -1 -1 0 
30 3 276 509 34 104 -1 -1 -1 0 
31 1 997 357 82 453 -1 -1 -1 0 
31 2 869 374 161 437 -1 -1 -1 0 
31 3 266 513 34 98 -1 -1 -1 0 
32 1 994 362 85 446 -1 -1 -1 0 
32 2 869 375 154 446 -1 -1 -1 0 
32 3 256 508 34 103 -1 -1 -1 0 
33 1 1000 381 79 432 -1 -1 -1 0 
33 2 871 361 153 464 -1 -1 -1 0 
33 3 250 510 41 104 -1 -1 -1 0 
34 1 1001 382 78 435 -1 -1 -1 0 
35 2 899 362 179 484 -1 -1 -1 0 
35 3 258 509 38 104 -1 -1 -1 0 
36 2 931 353 148 499 -1 -1 -1 0 
36 3 270 495 42 111 -1 -1 -1 0 
37 2 972 383 107 464 -1 -1 -1 0 
37 3 290 493 38 108 -1 -1 -1 0 
38 2 981 384 98 468 -1 -1 -1 0 
38 3 314 497 36 108 -1 -1 -1 0 
39 3 319 499 44 109 -1 -1 -1 0 
40 3 320 497 42 111 -1 -1 -1 0 
41 3 318 493 40 109 -1 -1 -1 0 
41 16 635 482 36 110 -1 -1 -1 0 
42 3 311 495 37 111 -1 -1 -1 0 
43 3 294 495 42 118 -1 -1 -1 0 
44 3 268 498 38 114 -1 -1 -1 0 
45 3 240 497 36 106 -1 -1 -1 0 
45 16 563 486 39 102 -1 -1 -1 0 
46 3 221 489 36 126 -1 -1 -1 0 
47 3 215 492 39 108 -1 -1 -1 0 
48 3 231 490 39 109 -1 -1 -1 0 
48 16 559 492 37 97 -1 -1 -1 0 
49 3 257 484 43 113 -1 -1 -1 0 
49 16 552 494 37 95 -1 -1 -1 0 
50 3 281 483 38 111 -1 -1 -1 0 
50 16 620 485 38 100 -1 -1 -1 0 
51 3 294 486 32 109 -1 -1 -1 0 
51 16 631 492 35 101 -1 -1 -1 0 
52 3 286 489 37 116 -1 -1 -1 0 
52 16 635 492 35 102 -1 -1 -1 0 
53 3 286 495 36 109 -1 -1 -1 0 
53 16 633 500 34 102 -1 -1 -1 0 
53 45 342 499 33 83 -1 -1 -1 0 
54 3 281 486 38 121 -1 -1 -1 0 
54 16 635 499 35 102 -1 -1 -1 0 
54 45 346 498 30 84 -1 -1 -1 0 
55 3 285 487 37 122 -1 -1 -1 0 
55 16 638 501 34 101 -1 -1 -1 0 
55 45 345 496 28 88 -1 -1 -1 0 
56 3 282 487 40 120 -1 -1 -1 0 
56 45 343 497 33 84 -1 -1 -1 0 
56 48 386 505 21 56 -1 -1 -1 0 
57 3 286 487 40 118 -1 -1 -1 0 
57 45 341 495 35 84 -1 -1 -1 0 
57 48 388 506 20 53 -1 -1 -1 0 
58 3 292 491 45 119 -1 -1 -1 0 
58 16 655 506 37 103 -1 -1 -1 0 
58 45 356 501 32 82 -1 -1 -1 0 
59 3 312 493 36 114 -1 -1 -1 0 
59 16 658 507 38 104 -1 -1 -1 0 
59 45 371 500 30 81 -1 -1 -1 0 
60 3 320 496 45 114 -1 -1 -1 0 
60 16 690 508 42 107 -1 -1 -1 0 
61 3 343 494 42 116 -1 -1 -1 0 
62 3 356 493 41 117 -1 -1 -1 0 
63 3 348 498 41 118 -1 -1 -1 0 
64 3 339 486 41 120 -1 -1 -1 0 
64 16 721 505 42 110 -1 -1 -1 0 
65 3 342 481 42 122 -1 -1 -1 0 
66 3 341 485 43 115 -1 -1 -1 0 
68 3 361 483 41 124 -1 -1 -1 0 
69 3 355 478 45 125 -1 -1 -1 0 
70 3 361 469 46 128 -1 -1 -1 0 
70 16 770 484 47 108 -1 -1 -1 0 
71 3 373 464 55 129 -1 -1 -1 0 
72 3 372 482 45 127 -1 -1 -1 0 
73 3 358 489 48 128 -1 -1 -1 0 
74 3 341 493 47 129 -1 -1 -1 0 
75 3 296 480 49 130 -1 -1 -1 0 
75 16 735 483 43 115 -1 -1 -1 0 
76 3 267 487 42 133 -1 -1 -1 0 
76 16 701 475 48 117 -1 -1 -1 0 
77 3 235 495 46 134 -1 -1 -1 0 
77 16 672 492 45 120 -1 -1 -1 0 
78 3 221 492 54 134 -1 -1 -1 0 
78 16 667 498 47 111 -1 -1 -1 0 
79 3 233 485 47 137 -1 -1 -1 0 
79 16 661 499 47 111 -1 -1 -1 0 
79 63 303 503 34 78 -1 -1 -1 0 
80 3 256 485 45 135 -1 -1 -1 0 
80 63 325 500 30 80 -1 -1 -1 0 
81 3 281 485 50 135 -1 -1 -1 0 
81 63 348 497 31 82 -1 -1 -1 0 
82 3 305 474 51 136 -1 -1 -1 0 
82 63 374 490 34 87 -1 -1 -1 0 
83 3 325 468 49 136 -1 -1 -1 0 
83 63 396 486 33 81 -1 -1 -1 0 
84 3 345 469 47 141 -1 -1 -1 0 
84 63 415 484 33 95 -1 -1 -1 0 
85 3 356 476 48 142 -1 -1 -1 0 
85 63 419 479 39 102 -1 -1 -1 0 
86 3 370 479 47 136 -1 -1 -1 0 
86 16 853 510 42 106 -1 -1 -1 0 
86 63 439 490 32 88 -1 -1 -1 0 
87 3 365 479 51 136 -1 -1 -1 0 
87 16 864 508 47 105 -1 -1 -1 0 
87 63 445 497 29 86 -1 -1 -1 0 
88 3 363 469 51 146 -1 -1 -1 0 
88 16 877 508 48 106 -1 -1 -1 0 
88 63 460 497 28 86 -1 -1 -1 0 
89 3 354 477 51 146 -1 -1 -1 0 
89 16 857 493 51 111 -1 -1 -1 0 
90 3 340 480 51 145 -1 -1 -1 0 
90 16 847 504 52 117 -1 -1 -1 0 
90 74 10 505 98 212 -1 -1 -1 0 
91 3 341 486 52 145 -1 -1 -1 0 
91 16 853 496 56 133 -1 -1 -1 0 
91 45 417 497 27 84 -1 -1 -1 0 
91 74 4 504 87 213 -1 -1 -1 0 
92 3 349 477 55 153 -1 -1 -1 0 
92 16 861 495 58 136 -1 -1 -1 0 
93 3 361 482 53 154 -1 -1 -1 0 
93 74 0 454 94 265 -1 -1 -1 0 
94 3 367 493 52 153 -1 -1 -1 0 
94 63 443 513 28 88 -1 -1 -1 0 
95 3 367 497 52 153 -1 -1 -1 0 
95 63 444 515 31 88 -1 -1 -1 0 
96 3 365 507 53 151 -1 -1 -1 0 
96 63 444 521 27 88 -1 -1 -1 0 
97 3 369 498 50 152 -1 -1 -1 0 
97 16 912 507 99 124 -1 -1 -1 0 
97 45 443 515 31 85 -1 -1 -1 0 
97 63 449 523 27 88 -1 -1 -1 0 
97 74 0 511 104 241 -1 -1 -1 0 
98 3 384 500 52 156 -1 -1 -1 0 
98 16 921 508 103 124 -1 -1 -1 0 
98 45 447 517 31 85 -1 -1 -1 0 
98 63 459 517 31 87 -1 -1 -1 0 
99 3 402 493 51 151 -1 -1 -1 0 
100 3 422 490 54 156 -1 -1 -1 0 
100 16 1007 502 65 148 -1 -1 -1 0 
100 63 500 510 29 78 -1 -1 -1 0 
101 3 432 490 50 162 -1 -1 -1 0 
101 16 1028 497 51 151 -1 -1 -1 0 
101 63 511 519 28 79 -1 -1 -1 0 
101 74 11 537 126 223 -1 -1 -1 0 
102 3 432 488 53 163 -1 -1 -1 0 
102 16 1043 497 36 153 -1 -1 -1 0 
103 3 435 481 59 168 -1 -1 -1 0 
103 63 516 496 32 90 -1 -1 -1 0 
103 74 15 523 146 234 -1 -1 -1 0 
104 3 441 467 57 174 -1 -1 -1 0 
104 63 524 491 30 90 -1 -1 -1 0 
104 74 10 531 146 233 -1 -1 -1 0 
105 3 444 482 62 167 -1 -1 -1 0 
105 63 529 502 30 86 -1 -1 -1 0 
105 74 11 537 135 238 -1 -1 -1 0 
106 3 443 483 64 170 -1 -1 -1 0 
106 63 530 509 31 86 -1 -1 -1 0 
106 74 10 538 139 242 -1 -1 -1 0 
107 3 435 466 64 175 -1 -1 -1 0 
107 63 536 510 32 86 -1 -1 -1 0 
107 74 10 542 123 241 -1 -1 -1 0 
108 3 439 479 61 170 -1 -1 -1 0 
108 74 7 548 103 243 -1 -1 -1 0 
108 88 72 450 80 255 -1 -1 -1 0 
109 3 446 489 61 181 -1 -1 -1 0 
109 63 524 514 37 88 -1 -1 -1 0 
109 74 3 573 117 245 -1 -1 -1 0 
109 88 70 466 85 261 -1 -1 -1 0 
110 3 452 506 60 179 -1 -1 -1 0 
110 63 532 520 33 90 -1 -1 -1 0 
110 74 7 561 99 267 -1 -1 -1 0 
111 3 460 491 61 182 -1 -1 -1 0 
111 63 543 512 31 93 -1 -1 -1 0 
111 74 1 549 113 279 -1 -1 -1 0 
111 88 79 461 80 270 -1 -1 -1 0 
112 3 461 478 67 182 -1 -1 -1 0 
112 63 544 498 34 96 -1 -1 -1 0 
112 74 5 549 92 283 -1 -1 -1 0 
112 88 71 459 83 282 -1 -1 -1 0 
113 3 456 492 62 184 -1 -1 -1 0 
113 63 548 496 36 98 -1 -1 -1 0 
114 3 437 491 62 193 -1 -1 -1 0 
114 63 520 516 35 98 -1 -1 -1 0 
114 74 11 628 57 243 -1 -1 -1 0 
114 88 31 483 103 279 -1 -1 -1 0 
115 3 428 492 55 185 -1 -1 -1 0 
115 63 521 517 35 100 -1 -1 -1 0 
115 74 11 637 51 244 -1 -1 -1 0 
116 3 410 489 61 184 -1 -1 -1 0 
117 3 394 484 63 205 -1 -1 -1 0 
117 88 2 498 64 289 -1 -1 -1 0 
118 3 387 497 63 206 -1 -1 -1 0 
118 63 473 516 34 103 -1 -1 -1 0 
118 88 0 503 56 292 -1 -1 -1 0 
119 3 378 486 68 211 -1 -1 -1 0 
119 63 463 512 39 104 -1 -1 -1 0 
120 3 372 481 68 214 -1 -1 -1 0 
120 63 458 511 38 96 -1 -1 -1 0 
120 96 186 502 66 188 -1 -1 -1 0 
121 3 375 478 65 216 -1 -1 -1 0 
121 63 462 512 35 93 -1 -1 -1 0 
121 96 182 497 68 193 -1 -1 -1 0 
122 3 373 483 71 215 -1 -1 -1 0 
122 63 464 510 33 98 -1 -1 -1 0 
122 96 188 500 67 191 -1 -1 -1 0 
122 98 702 517 30 70 -1 -1 -1 0 
122 100 595 513 24 65 -1 -1 -1 0 
123 3 371 479 70 218 -1 -1 -1 0 
123 63 463 513 32 93 -1 -1 -1 0 
123 96 184 497 68 191 -1 -1 -1 0 
124 3 363 479 72 220 -1 -1 -1 0 
124 63 459 514 33 93 -1 -1 -1 0 
124 96 173 494 73 196 -1 -1 -1 0 
125 3 357 494 74 219 -1 -1 -1 0 
125 63 452 519 37 99 -1 -1 -1 0 
125 96 167 509 79 199 -1 -1 -1 0 
125 100 589 518 24 69 -1 -1 -1 0 
126 3 348 487 80 232 -1 -1 -1 0 
126 63 451 523 35 103 -1 -1 -1 0 
126 96 159 500 85 212 -1 -1 -1 0 
127 3 345 483 72 235 -1 -1 -1 0 
127 63 445 524 33 91 -1 -1 -1 0 
127 96 150 500 93 207 -1 -1 -1 0 
128 3 324 480 81 238 -1 -1 -1 0 
128 63 432 517 35 94 -1 -1 -1 0 
128 96 133 497 95 214 -1 -1 -1 0 
129 3 297 482 88 248 -1 -1 -1 0 
129 63 409 524 38 95 -1 -1 -1 0 
129 96 106 500 95 217 -1 -1 -1 0 
130 3 287 489 84 244 -1 -1 -1 0 
130 63 393 528 41 96 -1 -1 -1 0 
130 96 93 503 96 223 -1 -1 -1 0 
130 100 538 525 24 65 -1 -1 -1 0 
131 3 257 473 92 254 -1 -1 -1 0 
131 63 376 514 40 95 -1 -1 -1 0 
131 96 73 505 98 218 -1 -1 -1 0 
132 3 258 482 88 255 -1 -1 -1 0 
132 63 374 526 39 99 -1 -1 -1 0 
132 96 72 507 92 220 -1 -1 -1 0 
133 3 254 481 82 261 -1 -1 -1 0 
133 63 367 523 36 105 -1 -1 -1 0 
133 96 70 513 87 223 -1 -1 -1 0 
134 3 244 472 88 268 -1 -1 -1 0 
134 63 364 518 37 106 -1 -1 -1 0 
134 96 56 495 88 242 -1 -1 -1 0 
135 3 233 452 90 282 -1 -1 -1 0 
135 63 357 517 37 108 -1 -1 -1 0 
136 3 214 472 107 281 -1 -1 -1 0 
136 96 32 479 93 260 -1 -1 -1 0 
137 3 207 472 106 288 -1 -1 -1 0 
137 63 345 519 36 107 -1 -1 -1 0 
137 96 34 499 97 248 -1 -1 -1 0 
138 3 197 468 106 293 -1 -1 -1 0 
138 63 338 520 35 107 -1 -1 -1 0 
138 96 17 445 105 301 -1 -1 -1 0 
139 3 173 450 117 309 -1 -1 -1 0 
139 96 7 467 95 272 -1 -1 -1 0 
140 3 152 472 124 302 -1 -1 -1 0 
140 96 3 499 74 266 -1 -1 -1 0 
141 3 138 487 117 301 -1 -1 -1 0 
141 63 293 530 46 108 -1 -1 -1 0 
141 96 0 532 64 238 -1 -1 -1 0 
142 3 123 467 123 317 -1 -1 -1 0 
142 63 283 532 47 107 -1 -1 -1 0 
143 3 111 456 124 330 -1 -1 -1 0 
144 3 100 459 136 342 -1 -1 -1 0 
145 3 96 449 137 352 -1 -1 -1 0 
146 3 94 422 123 366 -1 -1 -1 0 
147 3 93 412 130 373 -1 -1 -1 0 
148 3 89 421 134 382 -1 -1 -1 0 
149 3 86 424 136 395 -1 -1 -1 0 
149 63 276 514 67 111 -1 -1 -1 0 
150 3 66 416 134 412 -1 -1 -1 0 
150 63 277 507 53 112 -1 -1 -1 0 
151 3 49 413 144 425 -1 -1 -1 0 
151 63 273 506 54 111 -1 -1 -1 0 
152 3 34 395 153 451 -1 -1 -1 0 
152 63 274 508 45 109 -1 -1 -1 0 
153 3 19 384 144 468 -1 -1 -1 0 
153 63 266 490 45 112 -1 -1 -1 0 
154 3 15 386 148 474 -1 -1 -1 0 
154 63 268 491 41 113 -1 -1 -1 0 
155 3 11 400 159 477 -1 -1 -1 0 
155 63 265 488 41 114 -1 -1 -1 0 
156 3 0 385 166 510 -1 -1 -1 0 
157 3 1 378 154 534 -1 -1 -1 0 
158 3 0 405 152 511 -1 -1 -1 0 
159 3 8 403 105 510 -1 -1 -1 0 
160 3 0 450 128 476 -1 -1 -1 0 
161 3 3 467 90 474 -1 -1 -1 0 
165 3 0 473 86 478 -1 -1 -1 0 
167 125 615 485 35 113 -1 -1 -1 0 
169 125 613 522 37 108 -1 -1 -1 0 
170 125 613 516 37 103 -1 -1 -1 0 
171 125 625 507 36 110 -1 -1 -1 0 
172 125 644 528 35 106 -1 -1 -1 0 
175 125 650 532 34 106 -1 -1 -1 0 
176 125 716 512 35 116 -1 -1 -1 0 
177 125 731 512 35 119 -1 -1 -1 0 
178 125 685 500 38 121 -1 -1 -1 0 
178 130 3 596 168 160 -1 -1 -1 0 
179 125 669 506 38 119 -1 -1 -1 0 
179 130 2 620 148 141 -1 -1 -1 0 
180 125 668 488 35 119 -1 -1 -1 0 
181 125 655 513 37 114 -1 -1 -1 0 
182 125 653 520 39 114 -1 -1 -1 0 
183 125 654 526 32 106 -1 -1 -1 0 
184 125 651 530 32 105 -1 -1 -1 0 
185 125 651 532 32 105 -1 -1 -1 0 
188 63 196 473 59 131 -1 -1 -1 0 
189 63 194 473 60 132 -1 -1 -1 0 
191 63 221 480 54 139 -1 -1 -1 0 
191 140 0 697 112 121 -1 -1 -1 0 
192 63 222 480 55 141 -1 -1 -1 0 
192 140 1 713 109 123 -1 -1 -1 0 
193 125 768 518 44 134 -1 -1 -1 0 
193 140 0 717 105 126 -1 -1 -1 0 
193 142 945 506 74 166 -1 -1 -1 0 
194 63 227 501 51 127 -1 -1 -1 0 
194 125 778 518 46 137 -1 -1 -1 0 
194 140 2 738 96 118 -1 -1 -1 0 
194 142 959 503 69 165 -1 -1 -1 0 
195 63 222 495 45 123 -1 -1 -1 0 
195 125 787 500 48 137 -1 -1 -1 0 
195 140 2 751 96 118 -1 -1 -1 0 
196 63 222 497 45 122 -1 -1 -1 0 
196 125 797 476 54 159 -1 -1 -1 0 
196 147 121 479 56 154 -1 -1 -1 0 
197 125 807 472 56 162 -1 -1 -1 0 
197 147 114 482 52 155 -1 -1 -1 0 
198 147 112 485 52 154 -1 -1 -1 0 
199 125 806 494 59 144 -1 -1 -1 0 
199 148 1010 477 68 182 -1 -1 -1 0 
200 125 815 491 59 149 -1 -1 -1 0 
200 142 1023 482 56 175 -1 -1 -1 0 
200 148 1020 472 59 188 -1 -1 -1 0 
201 125 835 489 48 144 -1 -1 -1 0 
201 142 1033 479 46 177 -1 -1 -1 0 
202 125 844 487 49 146 -1 -1 -1 0 
202 149 184 478 56 137 -1 -1 -1 0 
203 147 77 479 58 143 -1 -1 -1 0 
203 149 169 476 46 153 -1 -1 -1 0 
204 147 54 485 57 144 -1 -1 -1 0 
204 149 144 482 53 156 -1 -1 -1 0 
205 125 791 487 48 141 -1 -1 -1 0 
205 147 36 487 56 155 -1 -1 -1 0 
205 149 127 485 55 159 -1 -1 -1 0 
206 125 781 496 64 155 -1 -1 -1 0 
206 147 24 488 58 156 -1 -1 -1 0 
207 125 783 493 64 151 -1 -1 -1 0 
208 125 793 480 76 163 -1 -1 -1 0 
209 125 799 492 78 152 -1 -1 -1 0 
210 125 816 490 52 153 -1 -1 -1 0 
211 125 810 486 70 160 -1 -1 -1 0 
212 125 814 487 75 168 -1 -1 -1 0 
212 147 2 469 63 169 -1 -1 -1 0 
213 125 820 483 78 168 -1 -1 -1 0 
213 147 0 461 60 176 -1 -1 -1 0 
214 125 825 487 75 160 -1 -1 -1 0 
214 147 0 457 59 180 -1 -1 -1 0 
214 160 561 510 24 65 -1 -1 -1 0 
215 125 832 483 71 172 -1 -1 -1 0 
215 147 0 454 54 184 -1 -1 -1 0 
216 125 850 481 64 173 -1 -1 -1 0 
216 161 636 507 27 93 -1 -1 -1 0 
217 125 881 468 75 186 -1 -1 -1 0 
217 161 657 513 27 92 -1 -1 -1 0 
218 125 891 486 73 176 -1 -1 -1 0 
218 161 670 511 27 95 -1 -1 -1 0 
218 163 28 455 58 185 -1 -1 -1 0 
219 125 899 467 84 187 -1 -1 -1 0 
219 163 29 446 61 194 -1 -1 -1 0 
220 125 892 471 69 189 -1 -1 -1 0 
221 125 888 470 73 185 -1 -1 -1 0 
221 161 641 508 35 95 -1 -1 -1 0 
222 125 889 482 70 165 -1 -1 -1 0 
222 161 635 501 34 92 -1 -1 -1 0 
222 167 58 486 76 163 -1 -1 -1 0 
223 63 570 507 25 73 -1 -1 -1 0 
223 125 891 458 74 191 -1 -1 -1 0 
223 161 635 505 32 92 -1 -1 -1 0 
223 167 53 490 60 171 -1 -1 -1 0 
224 63 584 508 25 70 -1 -1 -1 0 
225 125 911 463 66 206 -1 -1 -1 0 
226 125 920 468 70 199 -1 -1 -1 0 
226 161 656 512 32 93 -1 -1 -1 0 
227 125 920 466 82 198 -1 -1 -1 0 
227 161 660 512 31 93 -1 -1 -1 0 
228 125 919 469 74 206 -1 -1 -1 0 
228 161 650 527 34 90 -1 -1 -1 0 
228 170 33 505 66 190 -1 -1 -1 0 
229 125 934 450 72 208 -1 -1 -1 0 
230 125 935 444 66 206 -1 -1 -1 0 
232 125 917 463 85 205 -1 -1 -1 0 
233 125 940 457 70 206 -1 -1 -1 0 
234 125 933 451 84 208 -1 -1 -1 0 
235 125 933 465 72 205 -1 -1 -1 0 
236 125 943 437 86 233 -1 -1 -1 0 
237 125 950 435 72 223 -1 -1 -1 0 
238 125 932 460 83 223 -1 -1 -1 0 
239 125 932 456 96 224 -1 -1 -1 0 
240 125 949 445 99 241 -1 -1 -1 0 
241 125 941 452 98 240 -1 -1 -1 0 
242 125 937 447 96 246 -1 -1 -1 0 
242 179 579 526 41 101 -1 -1 -1 0 
243 125 940 457 95 227 -1 -1 -1 0 
243 179 582 514 42 97 -1 -1 -1 0 
244 125 948 462 96 227 -1 -1 -1 0 
244 179 572 525 36 86 -1 -1 -1 0 
245 125 949 432 94 260 -1 -1 -1 0 
245 179 567 532 32 75 -1 -1 -1 0 
246 125 939 435 100 264 -1 -1 -1 0 
246 179 565 534 30 77 -1 -1 -1 0 
247 125 927 427 115 276 -1 -1 -1 0 
247 179 555 527 41 96 -1 -1 -1 0 
248 125 950 413 118 291 -1 -1 -1 0 
248 179 557 512 39 105 -1 -1 -1 0 
249 125 965 403 111 303 -1 -1 -1 0 
249 179 554 508 38 98 -1 -1 -1 0 
251 125 968 398 111 311 -1 -1 -1 0 
251 179 537 503 42 106 -1 -1 -1 0 
252 125 947 440 130 280 -1 -1 -1 0 
252 179 532 523 37 92 -1 -1 -1 0 
253 125 937 400 141 318 -1 -1 -1 0 
254 125 966 401 113 319 -1 -1 -1 0 
254 179 510 516 34 101 -1 -1 -1 0 
255 125 954 398 125 329 -1 -1 -1 0 
255 179 494 509 44 101 -1 -1 -1 0 
256 125 991 415 88 326 -1 -1 -1 0 
256 179 493 515 41 104 -1 -1 -1 0 
257 125 990 446 89 304 -1 -1 -1 0 
257 179 485 514 43 106 -1 -1 -1 0 
258 125 977 416 101 348 -1 -1 -1 0 
258 179 495 534 41 107 -1 -1 -1 0 
259 125 973 428 106 341 -1 -1 -1 0 
259 179 494 525 36 102 -1 -1 -1 0 
260 125 979 402 100 363 -1 -1 -1 0 
261 125 980 400 99 371 -1 -1 -1 0 
264 179 538 471 39 134 -1 -1 -1 0 
265 179 539 466 40 138 -1 -1 -1 0 
268 191 483 498 27 83 -1 -1 -1 0 
274 191 430 523 26 83 -1 -1 -1 0 
278 191 414 529 27 85 -1 -1 -1 0 
279 191 428 514 29 89 -1 -1 -1 0 
280 191 433 509 27 79 -1 -1 -1 0 
280 194 548 506 54 137 -1 -1 -1 0 
281 191 420 520 26 81 -1 -1 -1 0 
281 194 560 515 56 137 -1 -1 -1 0 
282 179 581 524 56 130 -1 -1 -1 0 
282 191 413 522 26 82 -1 -1 -1 0 
282 194 568 518 56 138 -1 -1 -1 0 
283 179 601 502 54 145 -1 -1 -1 0 
283 191 483 514 27 85 -1 -1 -1 0 
284 179 608 505 61 146 -1 -1 -1 0 
284 191 490 512 31 83 -1 -1 -1 0 
285 179 608 504 63 147 -1 -1 -1 0 
285 191 492 513 29 85 -1 -1 -1 0 
286 179 615 505 63 148 -1 -1 -1 0 
286 191 493 512 31 86 -1 -1 -1 0 
286 198 466 513 27 82 -1 -1 -1 0 
287 179 634 511 55 152 -1 -1 -1 0 
287 191 502 522 26 88 -1 -1 -1 0 
288 179 638 516 66 153 -1 -1 -1 0 
288 191 505 525 35 89 -1 -1 -1 0 
289 179 657 506 66 150 -1 -1 -1 0 
289 191 525 514 28 86 -1 -1 -1 0 
290 179 665 506 67 152 -1 -1 -1 0 
290 191 530 519 26 91 -1 -1 -1 0 
291 179 676 519 66 151 -1 -1 -1 0 
292 179 683 509 59 148 -1 -1 -1 0 
293 179 678 494 66 155 -1 -1 -1 0 
294 125 678 490 64 155 -1 -1 -1 0 
295 125 666 495 59 144 -1 -1 -1 0 
296 179 691 496 64 166 -1 -1 -1 0 
297 179 702 499 64 169 -1 -1 -1 0 
297 191 530 512 33 92 -1 -1 -1 0 
298 179 702 502 66 170 -1 -1 -1 0 
298 191 522 515 36 98 -1 -1 -1 0 
299 179 700 495 68 172 -1 -1 -1 0 
300 179 683 493 74 172 -1 -1 -1 0 
300 191 495 515 35 95 -1 -1 -1 0 
301 179 663 493 85 172 -1 -1 -1 0 
301 191 493 515 35 95 -1 -1 -1 0 
302 179 658 503 78 169 -1 -1 -1 0 
303 179 660 503 72 173 -1 -1 -1 0 
303 191 460 513 34 105 -1 -1 -1 0 
304 179 671 502 58 162 -1 -1 -1 0 
304 191 456 504 36 102 -1 -1 -1 0 
305 179 667 490 91 180 -1 -1 -1 0 
305 191 455 498 38 111 -1 -1 -1 0 
306 179 694 496 76 176 -1 -1 -1 0 
306 191 470 515 35 100 -1 -1 -1 0 
307 179 719 505 73 161 -1 -1 -1 0 
307 191 468 516 35 100 -1 -1 -1 0 
308 179 753 497 67 169 -1 -1 -1 0 
309 179 778 499 61 164 -1 -1 -1 0 
309 191 522 502 31 95 -1 -1 -1 0 
310 179 784 500 64 165 -1 -1 -1 0 
310 191 525 510 31 94 -1 -1 -1 0 
311 179 777 503 73 168 -1 -1 -1 0 
311 191 525 515 31 97 -1 -1 -1 0 
312 179 779 495 80 180 -1 -1 -1 0 
312 191 513 511 32 98 -1 -1 -1 0 
313 179 771 480 93 196 -1 -1 -1 0 
313 191 506 502 36 96 -1 -1 -1 0 
314 179 781 477 101 198 -1 -1 -1 0 
315 179 774 472 121 194 -1 -1 -1 0 
316 179 773 474 115 195 -1 -1 -1 0 
317 179 784 481 112 175 -1 -1 -1 0 
317 191 491 492 34 100 -1 -1 -1 0 
318 179 786 478 105 179 -1 -1 -1 0 
319 179 790 476 109 180 -1 -1 -1 0 
319 191 482 489 33 102 -1 -1 -1 0 
320 179 819 455 106 194 -1 -1 -1 0 
320 191 483 488 36 97 -1 -1 -1 0 
321 179 840 453 91 210 -1 -1 -1 0 
321 191 485 497 35 108 -1 -1 -1 0 
322 179 862 455 95 197 -1 -1 -1 0 
322 191 483 490 35 97 -1 -1 -1 0 
323 179 872 463 88 200 -1 -1 -1 0 
323 191 474 494 35 105 -1 -1 -1 0 
324 125 862 464 93 193 -1 -1 -1 0 
324 179 881 462 90 202 -1 -1 -1 0 
324 191 455 500 35 100 -1 -1 -1 0 
325 125 870 463 94 195 -1 -1 -1 0 
325 179 854 469 88 194 -1 -1 -1 0 
326 179 860 469 88 194 -1 -1 -1 0 
327 179 832 467 122 210 -1 -1 -1 0 
327 191 400 507 41 106 -1 -1 -1 0 
329 179 834 466 132 221 -1 -1 -1 0 
329 191 390 506 43 109 -1 -1 -1 0 
330 179 892 441 83 200 -1 -1 -1 0 
330 191 386 502 37 111 -1 -1 -1 0 
331 179 889 459 93 214 -1 -1 -1 0 
331 191 381 507 35 104 -1 -1 -1 0 
332 179 901 484 87 202 -1 -1 -1 0 
332 191 372 504 42 115 -1 -1 -1 0 
333 179 910 483 90 157 -1 -1 -1 0 
333 191 366 507 38 114 -1 -1 -1 0 
335 179 918 485 90 153 -1 -1 -1 0 
336 191 395 495 37 115 -1 -1 -1 0 
337 191 403 493 40 115 -1 -1 -1 0 
338 191 404 492 41 115 -1 -1 -1 0 
339 191 411 496 39 102 -1 -1 -1 0 
340 191 415 499 40 110 -1 -1 -1 0 
341 191 419 495 40 116 -1 -1 -1 0 
341 211 370 497 33 112 -1 -1 -1 0 
342 191 423 489 38 117 -1 -1 -1 0 
342 211 370 493 34 112 -1 -1 -1 0 
343 191 429 501 46 119 -1 -1 -1 0 
344 191 435 505 37 112 -1 -1 -1 0 
345 191 447 502 40 117 -1 -1 -1 0 
345 211 392 506 37 112 -1 -1 -1 0 
346 191 459 505 38 123 -1 -1 -1 0 
347 191 465 508 41 114 -1 -1 -1 0 
347 211 416 509 32 109 -1 -1 -1 0 
348 191 467 496 39 122 -1 -1 -1 0 
348 211 417 499 35 116 -1 -1 -1 0 
349 191 470 499 46 117 -1 -1 -1 0 
349 211 419 506 34 107 -1 -1 -1 0 
350 191 471 508 40 114 -1 -1 -1 0 
350 211 419 512 34 107 -1 -1 -1 0 
351 191 475 508 41 114 -1 -1 -1 0 
351 211 422 510 35 108 -1 -1 -1 0 
352 191 475 502 42 123 -1 -1 -1 0 
352 211 425 503 36 113 -1 -1 -1 0 
353 191 482 506 45 130 -1 -1 -1 0 
354 191 477 502 44 133 -1 -1 -1 0 
355 191 480 494 43 127 -1 -1 -1 0 
356 191 478 498 46 126 -1 -1 -1 0 
356 211 432 503 34 114 -1 -1 -1 0 
357 191 487 508 45 132 -1 -1 -1 0 
357 211 440 514 34 125 -1 -1 -1 0 
358 191 501 514 38 123 -1 -1 -1 0 
359 191 501 496 56 121 -1 -1 -1 0 
359 211 453 501 36 116 -1 -1 -1 0 
360 191 510 492 46 124 -1 -1 -1 0 
360 211 462 497 37 120 -1 -1 -1 0 
361 191 518 499 45 126 -1 -1 -1 0 
362 191 530 477 48 135 -1 -1 -1 0 
362 211 480 481 37 121 -1 -1 -1 0 
363 191 538 482 46 130 -1 -1 -1 0 
363 211 489 482 32 125 -1 -1 -1 0 
364 191 540 487 45 130 -1 -1 -1 0 
364 211 488 492 39 123 -1 -1 -1 0 
365 191 542 475 51 140 -1 -1 -1 0 
365 211 490 485 37 126 -1 -1 -1 0 
366 191 535 480 47 129 -1 -1 -1 0 
366 211 485 486 36 119 -1 -1 -1 0 
367 191 524 487 45 132 -1 -1 -1 0 
367 211 474 488 33 119 -1 -1 -1 0 
368 191 516 497 47 123 -1 -1 -1 0 
368 211 463 497 37 122 -1 -1 -1 0 
370 191 517 498 47 122 -1 -1 -1 0 
372 191 510 494 47 124 -1 -1 -1 0 
372 211 455 496 36 125 -1 -1 -1 0 
373 191 526 469 48 136 -1 -1 -1 0 
373 211 471 483 31 122 -1 -1 -1 0 
374 191 525 474 52 138 -1 -1 -1 0 
374 211 467 483 36 131 -1 -1 -1 0 
375 191 518 489 49 143 -1 -1 -1 0 
375 211 461 493 39 132 -1 -1 -1 0 
376 191 510 483 47 145 -1 -1 -1 0 
376 211 450 494 40 133 -1 -1 -1 0 
377 191 503 472 45 140 -1 -1 -1 0 
377 211 439 487 42 128 -1 -1 -1 0 
378 191 493 473 46 142 -1 -1 -1 0 
378 211 434 482 37 125 -1 -1 -1 0 
379 191 480 476 44 144 -1 -1 -1 0 
379 211 417 485 40 129 -1 -1 -1 0 
380 191 466 475 49 139 -1 -1 -1 0 
380 211 406 483 41 130 -1 -1 -1 0 
381 191 464 483 41 146 -1 -1 -1 0 
381 211 404 486 39 143 -1 -1 -1 0 
382 191 454 489 49 147 -1 -1 -1 0 
382 211 396 491 41 144 -1 -1 -1 0 
383 191 447 500 49 144 -1 -1 -1 0 
383 211 387 508 45 137 -1 -1 -1 0 
384 191 442 493 42 140 -1 -1 -1 0 
384 211 379 501 40 129 -1 -1 -1 0 
385 191 420 478 49 156 -1 -1 -1 0 
385 211 354 492 45 142 -1 -1 -1 0 
386 191 403 496 55 145 -1 -1 -1 0 
387 191 392 495 57 154 -1 -1 -1 0 
388 191 389 511 52 148 -1 -1 -1 0 
388 211 330 516 39 143 -1 -1 -1 0 
389 191 380 513 54 149 -1 -1 -1 0 
389 211 320 521 41 139 -1 -1 -1 0 
390 191 366 514 54 146 -1 -1 -1 0 
390 211 308 514 41 146 -1 -1 -1 0 
391 191 354 510 51 151 -1 -1 -1 0 
391 211 296 518 40 143 -1 -1 -1 0 
392 191 346 508 54 148 -1 -1 -1 0 
392 211 285 511 39 138 -1 -1 -1 0 
393 191 339 487 55 159 -1 -1 -1 0 
393 211 275 498 45 144 -1 -1 -1 0 
394 191 328 470 63 153 -1 -1 -1 0 
394 211 266 479 42 145 -1 -1 -1 0 
395 191 330 486 63 156 -1 -1 -1 0 
395 211 268 492 44 148 -1 -1 -1 0 
396 191 335 480 51 170 -1 -1 -1 0 
396 211 268 496 45 146 -1 -1 -1 0 
397 191 340 475 54 153 -1 -1 -1 0 
398 191 348 473 62 166 -1 -1 -1 0 
398 211 286 477 46 158 -1 -1 -1 0 
399 191 363 478 51 168 -1 -1 -1 0 
400 191 384 493 55 163 -1 -1 -1 0 
400 211 318 502 46 158 -1 -1 -1 0 
401 191 405 492 61 164 -1 -1 -1 0 
401 211 342 494 46 157 -1 -1 -1 0 
402 191 419 494 62 167 -1 -1 -1 0 
402 211 360 490 44 158 -1 -1 -1 0 
403 191 429 505 60 166 -1 -1 -1 0 
403 211 365 505 47 159 -1 -1 -1 0 
404 191 440 485 63 177 -1 -1 -1 0 
404 211 373 503 38 150 -1 -1 -1 0 
405 191 452 483 60 163 -1 -1 -1 0 
405 211 381 488 50 155 -1 -1 -1 0 
406 191 466 483 57 163 -1 -1 -1 0 
406 211 398 484 43 160 -1 -1 -1 0 
407 191 482 480 58 162 -1 -1 -1 0 
407 211 409 488 47 159 -1 -1 -1 0 
408 191 493 488 61 175 -1 -1 -1 0 
408 211 422 495 47 157 -1 -1 -1 0 
409 191 492 472 70 178 -1 -1 -1 0 
409 211 419 482 53 167 -1 -1 -1 0 
410 191 488 462 68 181 -1 -1 -1 0 
410 211 410 464 60 179 -1 -1 -1 0 
411 191 483 491 55 156 -1 -1 -1 0 
412 191 474 470 64 177 -1 -1 -1 0 
412 211 397 484 52 171 -1 -1 -1 0 
413 191 474 467 64 180 -1 -1 -1 0 
413 211 397 473 55 172 -1 -1 -1 0 
414 191 470 468 71 183 -1 -1 -1 0 
414 211 392 474 61 183 -1 -1 -1 0 
415 191 469 482 59 177 -1 -1 -1 0 
415 211 387 487 58 182 -1 -1 -1 0 
416 191 460 477 58 180 -1 -1 -1 0 
416 211 373 485 64 183 -1 -1 -1 0 
417 191 454 485 59 171 -1 -1 -1 0 
417 211 372 477 57 186 -1 -1 -1 0 
418 191 457 473 57 179 -1 -1 -1 0 
418 211 374 472 58 189 -1 -1 -1 0 
419 191 462 464 66 195 -1 -1 -1 0 
419 211 373 470 69 193 -1 -1 -1 0 
420 191 469 461 57 175 -1 -1 -1 0 
420 211 382 465 62 184 -1 -1 -1 0 
421 191 467 467 67 181 -1 -1 -1 0 
421 211 386 462 64 193 -1 -1 -1 0 
422 191 467 473 63 175 -1 -1 -1 0 
422 211 388 478 58 181 -1 -1 -1 0 
423 191 463 481 65 179 -1 -1 -1 0 
423 211 382 487 59 187 -1 -1 -1 0 
424 191 463 479 69 186 -1 -1 -1 0 
424 211 381 473 69 202 -1 -1 -1 0 
425 191 460 454 69 214 -1 -1 -1 0 
425 211 380 465 59 202 -1 -1 -1 0 
426 191 453 449 77 207 -1 -1 -1 0 
426 211 373 459 71 196 -1 -1 -1 0 
427 191 463 455 69 209 -1 -1 -1 0 
427 211 381 450 64 217 -1 -1 -1 0 
428 191 461 477 75 207 -1 -1 -1 0 
428 211 388 479 62 208 -1 -1 -1 0 
429 191 465 487 74 201 -1 -1 -1 0 
429 211 388 474 64 216 -1 -1 -1 0 
430 191 465 470 81 222 -1 -1 -1 0 
430 211 385 477 72 214 -1 -1 -1 0 
431 191 460 466 91 226 -1 -1 -1 0 
431 211 383 475 76 218 -1 -1 -1 0 
432 191 465 458 75 235 -1 -1 -1 0 
432 211 383 470 65 220 -1 -1 -1 0 
433 191 464 461 81 234 -1 -1 -1 0 
433 211 382 460 72 228 -1 -1 -1 0 
434 191 468 469 84 221 -1 -1 -1 0 
434 211 393 480 65 200 -1 -1 -1 0 
435 191 462 464 90 219 -1 -1 -1 0 
435 211 388 464 74 226 -1 -1 -1 0 
436 191 465 474 84 210 -1 -1 -1 0 
436 211 386 474 72 223 -1 -1 -1 0 
437 191 466 469 83 218 -1 -1 -1 0 
437 211 381 473 73 219 -1 -1 -1 0 
438 191 466 471 89 220 -1 -1 -1 0 
438 211 383 478 80 221 -1 -1 -1 0 
439 191 470 475 91 226 -1 -1 -1 0 
439 211 386 485 80 220 -1 -1 -1 0 
440 191 485 480 86 222 -1 -1 -1 0 
440 211 400 485 69 220 -1 -1 -1 0 
441 191 488 469 87 234 -1 -1 -1 0 
441 211 399 478 73 230 -1 -1 -1 0 
442 191 481 469 97 239 -1 -1 -1 0 
442 211 397 479 75 233 -1 -1 -1 0 
443 191 486 465 90 241 -1 -1 -1 0 
443 211 396 473 76 238 -1 -1 -1 0 
444 191 496 469 76 235 -1 -1 -1 0 
444 211 400 483 70 230 -1 -1 -1 0 
445 191 498 459 78 246 -1 -1 -1 0 
445 211 400 464 80 249 -1 -1 -1 0 
446 191 504 461 80 249 -1 -1 -1 0 
446 211 410 468 69 251 -1 -1 -1 0 
447 191 504 459 80 250 -1 -1 -1 0 
447 211 406 479 82 246 -1 -1 -1 0 
448 191 506 459 90 256 -1 -1 -1 0 
448 211 409 474 89 247 -1 -1 -1 0 
449 191 520 449 78 264 -1 -1 -1 0 
449 211 416 462 81 253 -1 -1 -1 0 
450 191 518 448 85 262 -1 -1 -1 0 
450 211 417 462 84 247 -1 -1 -1 0 
451 191 516 451 91 263 -1 -1 -1 0 
451 211 411 474 85 244 -1 -1 -1 0 
452 191 511 439 95 271 -1 -1 -1 0 
452 211 406 461 99 264 -1 -1 -1 0 
453 191 516 449 81 262 -1 -1 -1 0 
453 211 412 467 80 262 -1 -1 -1 0 
454 191 502 448 98 271 -1 -1 -1 0 
454 211 403 463 92 266 -1 -1 -1 0 
455 191 493 432 104 282 -1 -1 -1 0 
455 211 386 452 101 276 -1 -1 -1 0 
456 191 479 452 102 259 -1 -1 -1 0 
456 211 386 461 85 268 -1 -1 -1 0 
457 191 474 451 101 274 -1 -1 -1 0 
457 211 369 465 95 274 -1 -1 -1 0 
458 191 475 448 112 287 -1 -1 -1 0 
458 211 372 464 94 277 -1 -1 -1 0 
459 191 480 437 124 297 -1 -1 -1 0 
459 211 376 453 101 286 -1 -1 -1 0 
460 191 479 439 124 303 -1 -1 -1 0 
460 211 377 465 103 283 -1 -1 -1 0 
461 191 484 439 119 300 -1 -1 -1 0 
461 211 376 452 97 296 -1 -1 -1 0 
462 191 485 440 124 307 -1 -1 -1 0 
462 211 380 469 100 284 -1 -1 -1 0 
463 191 477 444 150 316 -1 -1 -1 0 
463 211 389 470 100 295 -1 -1 -1 0 
464 191 486 446 138 314 -1 -1 -1 0 
464 211 387 474 104 293 -1 -1 -1 0 
465 191 491 444 138 320 -1 -1 -1 0 
465 211 381 460 109 313 -1 -1 -1 0 
466 191 476 440 146 332 -1 -1 -1 0 
466 211 362 458 117 317 -1 -1 -1 0 
467 191 473 446 138 327 -1 -1 -1 0 
467 211 350 463 121 320 -1 -1 -1 0 
468 191 447 434 165 342 -1 -1 -1 0 
468 211 343 458 110 327 -1 -1 -1 0 
469 191 451 424 165 350 -1 -1 -1 0 
469 211 335 455 114 335 -1 -1 -1 0 
470 191 462 421 152 355 -1 -1 -1 0 
470 211 330 454 114 342 -1 -1 -1 0 
471 191 447 431 161 346 -1 -1 -1 0 
471 211 318 458 121 346 -1 -1 -1 0 
472 191 422 416 170 357 -1 -1 -1 0 
472 211 292 456 126 349 -1 -1 -1 0 
473 191 403 425 172 361 -1 -1 -1 0 
473 211 269 457 120 354 -1 -1 -1 0 
474 191 400 421 151 362 -1 -1 -1 0 
474 211 239 449 142 359 -1 -1 -1 0 
475 191 365 404 159 386 -1 -1 -1 0 
475 211 217 451 129 367 -1 -1 -1 0 
476 191 348 411 153 384 -1 -1 -1 0 
476 211 182 442 156 380 -1 -1 -1 0 
477 191 329 414 157 393 -1 -1 -1 0 
477 211 170 448 142 385 -1 -1 -1 0 
478 191 322 399 161 408 -1 -1 -1 0 
478 211 150 441 151 397 -1 -1 -1 0 
479 191 320 399 156 415 -1 -1 -1 0 
479 211 135 442 161 405 -1 -1 -1 0 
480 191 317 400 147 416 -1 -1 -1 0 
480 211 121 446 175 409 -1 -1 -1 0 
481 191 297 392 161 437 -1 -1 -1 0 
481 211 103 434 156 429 -1 -1 -1 0 
482 191 286 413 156 432 -1 -1 -1 0 
482 211 81 447 171 446 -1 -1 -1 0 
483 191 269 402 173 449 -1 -1 -1 0 
483 211 52 446 191 443 -1 -1 -1 0 
484 191 245 389 174 465 -1 -1 -1 0 
484 211 26 438 185 463 -1 -1 -1 0 
485 191 217 395 179 477 -1 -1 -1 0 
485 211 4 449 191 470 -1 -1 -1 0 
486 191 180 396 186 484 -1 -1 -1 0 
486 211 1 447 152 489 -1 -1 -1 0 
487 191 136 385 200 500 -1 -1 -1 0 
487 211 0 435 116 504 -1 -1 -1 0 
488 191 112 384 198 509 -1 -1 -1 0 
488 211 0 466 89 484 -1 -1 -1 0 
489 191 78 386 209 512 -1 -1 -1 0 
490 191 48 376 227 526 -1 -1 -1 0 
491 191 22 355 234 552 -1 -1 -1 0 
492 191 0 350 240 581 -1 -1 -1 0 
492 222 892 467 120 188 -1 -1 -1 0 
493 191 1 352 222 592 -1 -1 -1 0 
493 222 881 481 128 187 -1 -1 -1 0 
494 191 0 347 216 614 -1 -1 -1 0 
495 191 0 335 211 636 -1 -1 -1 0 
495 222 885 495 173 194 -1 -1 -1 0 
496 191 0 326 210 658 -1 -1 -1 0 
496 222 913 492 144 202 -1 -1 -1 0 
497 191 0 319 201 681 -1 -1 -1 0 
498 191 0 313 186 698 -1 -1 -1 0 
499 191 0 386 169 637 -1 -1 -1 0 
500 191 0 388 156 640 -1 -1 -1 0 
501 191 0 391 149 673 -1 -1 -1 0 
502 191 0 381 155 639 -1 -1 -1 0 
502 222 942 545 137 194 -1 -1 -1 0 
503 191 0 359 159 659 -1 -1 -1 0 
504 191 0 334 163 701 -1 -1 -1 0 
505 191 0 329 177 722 -1 -1 -1 0 
506 191 0 328 178 735 -1 -1 -1 0 
507 191 0 326 173 777 -1 -1 -1 0 
508 191 3 318 153 821 -1 -1 -1 0 
511 191 3 314 148 840 -1 -1 -1 0 
516 224 813 549 85 132 -1 -1 -1 0 
517 224 807 548 80 142 -1 -1 -1 0 
519 224 828 528 79 153 -1 -1 -1 0 
522 224 830 521 83 160 -1 -1 -1 0 
523 224 854 574 91 138 -1 -1 -1 0 
527 224 861 578 94 141 -1 -1 -1 0 
541 230 282 524 53 134 -1 -1 -1 0 
547 230 280 541 53 135 -1 -1 -1 0 
557 233 232 554 54 155 -1 -1 -1 0 
562 233 219 524 62 183 -1 -1 -1 0 
564 233 214 558 62 164 -1 -1 -1 0 
565 233 202 492 69 219 -1 -1 -1 0 
566 233 199 505 73 218 -1 -1 -1 0 
567 233 193 515 64 194 -1 -1 -1 0 
570 233 186 511 66 203 -1 -1 -1 0 
593 249 435 500 36 110 -1 -1 -1 0 
594 249 424 485 37 124 -1 -1 -1 0 
595 249 419 478 41 129 -1 -1 -1 0 
596 249 418 462 46 130 -1 -1 -1 0 
597 249 427 458 45 133 -1 -1 -1 0 
598 249 443 473 39 123 -1 -1 -1 0 
598 252 64 518 127 208 -1 -1 -1 0 
599 249 450 471 46 136 -1 -1 -1 0 
599 252 66 518 139 225 -1 -1 -1 0 
600 249 464 479 45 135 -1 -1 -1 0 
600 252 52 505 174 237 -1 -1 -1 0 
601 249 468 481 39 129 -1 -1 -1 0 
601 252 49 513 148 241 -1 -1 -1 0 
602 249 472 481 38 131 -1 -1 -1 0 
603 252 23 536 131 227 -1 -1 -1 0 
604 249 422 470 54 150 -1 -1 -1 0 
604 252 9 534 108 234 -1 -1 -1 0 
605 249 412 464 53 154 -1 -1 -1 0 
605 252 2 526 100 246 -1 -1 -1 0 
606 249 401 457 55 148 -1 -1 -1 0 
607 249 400 459 52 144 -1 -1 -1 0 
609 249 389 447 58 154 -1 -1 -1 0 
610 249 408 453 53 160 -1 -1 -1 0 
611 249 408 450 64 164 -1 -1 -1 0 
612 249 411 444 63 183 -1 -1 -1 0 
613 249 400 445 60 177 -1 -1 -1 0 
614 249 381 441 66 193 -1 -1 -1 0 
614 256 459 479 42 120 -1 -1 -1 0 
615 249 365 446 66 188 -1 -1 -1 0 
615 256 452 478 49 126 -1 -1 -1 0 
616 249 358 476 59 175 -1 -1 -1 0 
616 256 461 489 45 120 -1 -1 -1 0 
617 249 334 441 73 214 -1 -1 -1 0 
617 256 455 491 46 120 -1 -1 -1 0 
618 249 320 449 71 202 -1 -1 -1 0 
618 256 456 484 46 121 -1 -1 -1 0 
619 249 282 434 90 226 -1 -1 -1 0 
619 256 449 484 51 118 -1 -1 -1 0 
620 249 256 447 90 228 -1 -1 -1 0 
620 256 437 502 51 120 -1 -1 -1 0 
621 249 236 455 88 234 -1 -1 -1 0 
621 256 421 495 51 122 -1 -1 -1 0 
622 249 213 434 89 240 -1 -1 -1 0 
622 256 413 486 51 125 -1 -1 -1 0 
623 249 212 443 84 245 -1 -1 -1 0 
623 256 407 486 52 127 -1 -1 -1 0 
624 249 208 428 91 268 -1 -1 -1 0 
625 249 224 416 87 272 -1 -1 -1 0 
625 257 1031 450 48 151 -1 -1 -1 0 
626 249 230 406 93 282 -1 -1 -1 0 
627 249 240 402 99 290 -1 -1 -1 0 
628 249 278 428 84 280 -1 -1 -1 0 
629 249 286 423 101 289 -1 -1 -1 0 
630 249 284 395 109 336 -1 -1 -1 0 
631 249 294 413 118 326 -1 -1 -1 0 
632 249 290 428 115 326 -1 -1 -1 0 
633 249 282 426 126 361 -1 -1 -1 0 
634 249 269 416 126 372 -1 -1 -1 0 
634 260 732 495 48 141 -1 -1 -1 0 
635 249 239 412 139 401 -1 -1 -1 0 
635 260 721 511 53 131 -1 -1 -1 0 
636 249 201 422 146 414 -1 -1 -1 0 
636 260 717 513 45 141 -1 -1 -1 0 
637 249 165 392 151 433 -1 -1 -1 0 
637 260 716 496 46 138 -1 -1 -1 0 
638 249 137 387 166 474 -1 -1 -1 0 
638 260 726 487 42 147 -1 -1 -1 0 
639 249 141 377 175 506 -1 -1 -1 0 
640 249 131 371 191 544 -1 -1 -1 0 
641 249 98 345 200 589 -1 -1 -1 0 
642 249 78 321 210 585 -1 -1 -1 0 
643 249 21 321 231 620 -1 -1 -1 0 
644 249 3 307 215 672 -1 -1 -1 0 
645 249 3 262 157 757 -1 -1 -1 0 
646 249 8 370 98 660 -1 -1 -1 0 
647 249 0 371 76 678 -1 -1 -1 0 
652 262 895 497 47 147 -1 -1 -1 0 
653 262 923 504 38 161 -1 -1 -1 0 
655 262 938 517 39 174 -1 -1 -1 0 
