3 1 110 528 87 129 -1 -1 -1 0 
4 1 101 526 91 131 -1 -1 -1 0 
5 1 102 519 90 136 -1 -1 -1 0 
6 1 102 514 95 140 -1 -1 -1 0 
7 1 104 529 79 128 -1 -1 -1 0 
8 1 104 527 82 127 -1 -1 -1 0 
9 1 106 518 93 131 -1 -1 -1 0 
9 2 137 507 67 116 -1 -1 -1 0 
10 1 104 526 82 130 -1 -1 -1 0 
10 2 140 506 64 119 -1 -1 -1 0 
11 1 107 530 76 124 -1 -1 -1 0 
11 2 147 508 59 114 -1 -1 -1 0 
12 1 110 530 71 122 -1 -1 -1 0 
12 2 147 508 67 117 -1 -1 -1 0 
13 1 111 529 75 123 -1 -1 -1 0 
13 2 147 506 64 115 -1 -1 -1 0 
14 1 112 530 75 124 -1 -1 -1 0 
14 2 148 507 61 114 -1 -1 -1 0 
15 1 109 528 76 125 -1 -1 -1 0 
15 2 146 507 63 116 -1 -1 -1 0 
16 1 104 525 80 128 -1 -1 -1 0 
16 2 139 505 62 117 -1 -1 -1 0 
17 1 102 525 82 128 -1 -1 -1 0 
17 2 140 505 58 117 -1 -1 -1 0 
18 1 104 525 79 127 -1 -1 -1 0 
18 2 140 504 58 116 -1 -1 -1 0 
19 1 104 525 80 128 -1 -1 -1 0 
19 2 141 504 58 117 -1 -1 -1 0 
20 1 104 525 80 127 -1 -1 -1 0 
20 2 144 504 56 118 -1 -1 -1 0 
21 1 102 518 83 130 -1 -1 -1 0 
21 2 136 500 63 120 -1 -1 -1 0 
22 1 98 522 77 129 -1 -1 -1 0 
22 2 133 501 61 119 -1 -1 -1 0 
23 1 92 515 89 136 -1 -1 -1 0 
24 1 88 526 75 125 -1 -1 -1 0 
24 2 123 502 60 115 -1 -1 -1 0 
25 1 82 519 81 130 -1 -1 -1 0 
25 2 113 501 71 123 -1 -1 -1 0 
26 1 81 520 79 128 -1 -1 -1 0 
26 2 115 499 70 120 -1 -1 -1 0 
27 1 79 517 86 131 -1 -1 -1 0 
28 1 84 523 77 126 -1 -1 -1 0 
29 1 85 519 86 127 -1 -1 -1 0 
30 1 89 520 82 127 -1 -1 -1 0 
31 1 85 521 85 127 -1 -1 -1 0 
32 1 84 521 86 126 -1 -1 -1 0 
33 1 87 516 87 131 -1 -1 -1 0 
34 1 91 514 90 133 -1 -1 -1 0 
35 1 97 520 82 127 -1 -1 -1 0 
36 1 101 520 79 127 -1 -1 -1 0 
37 1 98 521 78 126 -1 -1 -1 0 
38 1 90 521 78 127 -1 -1 -1 0 
39 1 82 523 77 126 -1 -1 -1 0 
40 1 78 523 78 125 -1 -1 -1 0 
41 1 75 523 79 126 -1 -1 -1 0 
42 1 75 523 81 126 -1 -1 -1 0 
43 1 75 523 81 127 -1 -1 -1 0 
44 1 75 523 80 126 -1 -1 -1 0 
46 1 70 519 88 133 -1 -1 -1 0 
48 1 63 534 82 125 -1 -1 -1 0 
49 1 53 532 89 125 -1 -1 -1 0 
50 1 48 531 78 157 -1 -1 -1 0 
51 1 36 537 95 150 -1 -1 -1 0 
52 1 29 538 83 127 -1 -1 -1 0 
53 1 22 545 81 154 -1 -1 -1 0 
54 1 16 551 77 153 -1 -1 -1 0 
54 2 47 525 63 112 -1 -1 -1 0 
55 1 13 549 92 129 -1 -1 -1 0 
55 2 50 528 59 112 -1 -1 -1 0 
56 1 18 554 92 128 -1 -1 -1 0 
57 1 33 559 84 127 -1 -1 -1 0 
58 1 64 558 85 125 -1 -1 -1 0 
59 1 96 559 93 153 -1 -1 -1 0 
60 1 99 561 97 156 -1 -1 -1 0 
61 7 151 532 98 147 -1 -1 -1 0 
62 7 153 556 86 126 -1 -1 -1 0 
63 1 130 552 126 141 -1 -1 -1 0 
64 1 142 559 84 127 -1 -1 -1 0 
65 1 119 562 104 156 -1 -1 -1 0 
66 1 103 566 92 153 -1 -1 -1 0 
67 1 108 578 83 157 -1 -1 -1 0 
68 1 104 576 74 158 -1 -1 -1 0 
69 1 108 576 69 160 -1 -1 -1 0 
70 1 135 586 85 160 -1 -1 -1 0 
71 1 153 589 76 139 -1 -1 -1 0 
72 1 158 591 78 140 -1 -1 -1 0 
76 1 216 602 78 157 -1 -1 -1 0 
77 1 225 604 79 161 -1 -1 -1 0 
80 13 56 603 80 170 -1 -1 -1 0 
81 13 40 614 84 145 -1 -1 -1 0 
82 13 24 629 81 140 -1 -1 -1 0 
86 13 10 634 77 134 -1 -1 -1 0 
91 13 733 373 86 247 -1 -1 -1 0 
92 13 701 388 87 243 -1 -1 -1 0 
93 13 670 380 101 258 -1 -1 -1 0 
94 13 633 391 93 259 -1 -1 -1 0 
95 13 578 400 125 260 -1 -1 -1 0 
96 13 553 426 109 256 -1 -1 -1 0 
97 13 548 449 106 242 -1 -1 -1 0 
98 13 564 469 90 248 -1 -1 -1 0 
99 13 589 458 104 250 -1 -1 -1 0 
100 13 632 476 99 248 -1 -1 -1 0 
101 13 666 485 102 245 -1 -1 -1 0 
102 13 697 494 100 246 -1 -1 -1 0 
103 13 750 484 99 261 -1 -1 -1 0 
104 13 794 480 109 268 -1 -1 -1 0 
105 13 818 485 125 269 -1 -1 -1 0 
106 13 859 493 106 272 -1 -1 -1 0 
107 13 875 475 102 276 -1 -1 -1 0 
108 13 876 476 88 285 -1 -1 -1 0 
109 13 879 455 109 304 -1 -1 -1 0 
110 13 882 482 88 271 -1 -1 -1 0 
111 13 891 472 104 287 -1 -1 -1 0 
112 13 906 465 97 286 -1 -1 -1 0 
113 13 896 458 132 304 -1 -1 -1 0 
114 13 929 458 104 294 -1 -1 -1 0 
115 13 927 452 106 302 -1 -1 -1 0 
116 13 945 441 101 306 -1 -1 -1 0 
117 13 949 445 119 297 -1 -1 -1 0 
118 13 959 453 113 296 -1 -1 -1 0 
119 13 962 463 117 305 -1 -1 -1 0 
121 13 984 437 95 300 -1 -1 -1 0 
122 13 1002 399 77 355 -1 -1 -1 0 
123 13 1005 405 74 332 -1 -1 -1 0 
124 13 994 431 85 326 -1 -1 -1 0 
125 13 992 415 87 321 -1 -1 -1 0 
126 13 991 376 88 372 -1 -1 -1 0 
127 13 1008 403 71 329 -1 -1 -1 0 
128 13 998 387 81 340 -1 -1 -1 0 
129 13 991 384 88 333 -1 -1 -1 0 
130 13 974 375 105 351 -1 -1 -1 0 
132 13 919 380 110 339 -1 -1 -1 0 
133 13 871 371 129 346 -1 -1 -1 0 
134 13 826 363 136 350 -1 -1 -1 0 
135 13 800 372 129 342 -1 -1 -1 0 
136 13 762 376 143 349 -1 -1 -1 0 
137 13 754 362 147 361 -1 -1 -1 0 
138 13 744 371 150 358 -1 -1 -1 0 
139 13 759 352 137 377 -1 -1 -1 0 
140 13 764 368 138 378 -1 -1 -1 0 
141 13 763 354 153 399 -1 -1 -1 0 
142 13 742 393 163 377 -1 -1 -1 0 
143 13 744 375 166 388 -1 -1 -1 0 
144 13 764 358 149 403 -1 -1 -1 0 
145 13 780 374 142 397 -1 -1 -1 0 
146 13 795 369 142 411 -1 -1 -1 0 
147 13 795 349 179 437 -1 -1 -1 0 
148 13 818 348 181 442 -1 -1 -1 0 
149 13 863 377 139 426 -1 -1 -1 0 
150 13 821 374 201 434 -1 -1 -1 0 
151 13 822 380 217 445 -1 -1 -1 0 
152 13 867 369 181 454 -1 -1 -1 0 
153 13 765 300 314 522 -1 -1 -1 0 
154 13 859 276 220 548 -1 -1 -1 0 
155 13 928 296 151 526 -1 -1 -1 0 
156 13 921 368 158 507 -1 -1 -1 0 
157 13 941 349 138 522 -1 -1 -1 0 
158 13 959 318 120 548 -1 -1 -1 0 
159 13 932 338 147 558 -1 -1 -1 0 
160 13 909 336 170 568 -1 -1 -1 0 
161 13 968 321 111 580 -1 -1 -1 0 
162 13 984 330 95 562 -1 -1 -1 0 
170 13 993 329 86 570 -1 -1 -1 0 
255 26 129 510 58 146 -1 -1 -1 0 
256 26 97 503 69 159 -1 -1 -1 0 
257 26 79 499 67 165 -1 -1 -1 0 
258 26 88 542 56 141 -1 -1 -1 0 
259 26 75 537 62 141 -1 -1 -1 0 
260 26 50 498 60 162 -1 -1 -1 0 
261 26 29 484 61 163 -1 -1 -1 0 
263 26 17 531 58 158 -1 -1 -1 0 
268 26 1 533 59 161 -1 -1 -1 0 
270 26 0 497 46 165 -1 -1 -1 0 
279 26 0 494 32 168 -1 -1 -1 0 
285 29 706 539 237 330 -1 -1 -1 0 
291 29 699 570 266 367 -1 -1 -1 0 
293 31 870 485 102 258 -1 -1 -1 0 
294 31 886 474 102 268 -1 -1 -1 0 
295 31 896 468 110 285 -1 -1 -1 0 
296 31 907 354 154 403 -1 -1 -1 0 
298 31 980 462 99 318 -1 -1 -1 0 
384 31 998 460 81 335 -1 -1 -1 0 
426 33 417 496 41 120 -1 -1 -1 0 
434 33 423 497 41 122 -1 -1 -1 0 
449 36 302 474 59 183 -1 -1 -1 0 
454 36 295 470 60 186 -1 -1 -1 0 
455 36 321 457 87 224 -1 -1 -1 0 
456 36 314 447 81 243 -1 -1 -1 0 
457 36 309 426 91 246 -1 -1 -1 0 
458 36 302 435 83 246 -1 -1 -1 0 
460 36 291 445 91 249 -1 -1 -1 0 
461 36 291 443 95 277 -1 -1 -1 0 
462 36 281 425 112 298 -1 -1 -1 0 
463 36 259 422 119 299 -1 -1 -1 0 
464 36 251 414 118 347 -1 -1 -1 0 
466 36 214 411 139 334 -1 -1 -1 0 
467 36 185 398 138 383 -1 -1 -1 0 
468 36 173 397 145 357 -1 -1 -1 0 
469 36 145 371 149 424 -1 -1 -1 0 
470 36 87 349 199 486 -1 -1 -1 0 
471 36 88 346 172 498 -1 -1 -1 0 
472 36 54 335 198 538 -1 -1 -1 0 
473 36 5 324 219 525 -1 -1 -1 0 
474 36 0 279 207 647 -1 -1 -1 0 
512 36 0 267 192 676 -1 -1 -1 0 
543 41 459 505 28 74 -1 -1 -1 0 
544 41 464 516 28 69 -1 -1 -1 0 
557 41 453 497 33 71 -1 -1 -1 0 
560 41 449 494 34 72 -1 -1 -1 0 
576 45 881 422 172 392 -1 -1 -1 0 
581 45 842 417 186 421 -1 -1 -1 0 
582 48 768 427 138 399 -1 -1 -1 0 
583 48 782 400 148 428 -1 -1 -1 0 
585 48 788 427 164 446 -1 -1 -1 0 
586 48 798 420 161 463 -1 -1 -1 0 
587 48 801 411 183 486 -1 -1 -1 0 
588 48 816 402 188 505 -1 -1 -1 0 
589 48 847 404 179 518 -1 -1 -1 0 
590 48 863 401 194 534 -1 -1 -1 0 
591 48 882 389 191 571 -1 -1 -1 0 
592 48 905 367 174 609 -1 -1 -1 0 
593 48 906 360 173 624 -1 -1 -1 0 
594 48 925 356 154 655 -1 -1 -1 0 
595 48 931 367 148 669 -1 -1 -1 0 
596 48 944 364 135 689 -1 -1 -1 0 
602 41 447 488 44 117 -1 -1 -1 0 
603 41 453 495 45 107 -1 -1 -1 0 
605 41 461 458 53 147 -1 -1 -1 0 
606 41 454 459 51 123 -1 -1 -1 0 
607 41 431 455 54 128 -1 -1 -1 0 
608 41 414 457 51 137 -1 -1 -1 0 
609 41 386 439 59 145 -1 -1 -1 0 
610 41 364 447 58 140 -1 -1 -1 0 
612 41 338 479 59 137 -1 -1 -1 0 
613 41 340 475 59 141 -1 -1 -1 0 
619 41 346 470 64 134 -1 -1 -1 0 
620 41 351 456 66 146 -1 -1 -1 0 
621 41 354 470 70 139 -1 -1 -1 0 
622 41 369 489 65 144 -1 -1 -1 0 
623 41 378 485 63 148 -1 -1 -1 0 
624 41 372 493 60 149 -1 -1 -1 0 
625 41 345 473 67 156 -1 -1 -1 0 
626 41 316 460 70 185 -1 -1 -1 0 
627 41 298 465 66 175 -1 -1 -1 0 
628 41 285 463 67 193 -1 -1 -1 0 
629 41 295 473 73 193 -1 -1 -1 0 
630 41 307 465 72 177 -1 -1 -1 0 
631 41 317 457 72 182 -1 -1 -1 0 
632 41 312 444 78 189 -1 -1 -1 0 
633 41 296 462 87 183 -1 -1 -1 0 
634 41 295 446 80 187 -1 -1 -1 0 
635 41 290 443 82 190 -1 -1 -1 0 
636 41 280 467 86 223 -1 -1 -1 0 
637 41 287 466 77 217 -1 -1 -1 0 
638 41 280 445 86 234 -1 -1 -1 0 
639 41 285 471 79 222 -1 -1 -1 0 
640 41 278 464 83 240 -1 -1 -1 0 
641 41 271 449 92 242 -1 -1 -1 0 
642 41 271 449 94 253 -1 -1 -1 0 
643 41 260 435 100 262 -1 -1 -1 0 
644 41 236 406 117 307 -1 -1 -1 0 
645 41 219 423 123 268 -1 -1 -1 0 
646 41 216 400 117 279 -1 -1 -1 0 
647 41 198 365 127 325 -1 -1 -1 0 
648 41 200 401 116 310 -1 -1 -1 0 
649 41 187 403 122 315 -1 -1 -1 0 
650 41 182 381 130 367 -1 -1 -1 0 
651 41 184 405 133 341 -1 -1 -1 0 
652 41 158 399 153 361 -1 -1 -1 0 
653 41 107 376 171 414 -1 -1 -1 0 
654 41 110 374 167 370 -1 -1 -1 0 
655 41 85 373 169 410 -1 -1 -1 0 
656 41 51 351 183 495 -1 -1 -1 0 
657 41 49 329 180 505 -1 -1 -1 0 
658 41 7 309 239 552 -1 -1 -1 0 
659 41 3 288 189 606 -1 -1 -1 0 
660 41 0 271 169 643 -1 -1 -1 0 
661 41 0 231 157 717 -1 -1 -1 0 
665 41 0 219 142 745 -1 -1 -1 0 
683 41 208 517 36 79 -1 -1 -1 0 
689 41 202 511 37 80 -1 -1 -1 0 
706 41 104 543 46 98 -1 -1 -1 0 
713 41 106 542 46 97 -1 -1 -1 0 
724 41 120 519 57 114 -1 -1 -1 0 
728 41 118 526 56 113 -1 -1 -1 0 
731 41 104 522 54 118 -1 -1 -1 0 
733 41 113 521 48 120 -1 -1 -1 0 
734 41 113 522 46 122 -1 -1 -1 0 
737 41 106 519 45 125 -1 -1 -1 0 
738 41 103 518 45 128 -1 -1 -1 0 
741 41 70 514 54 134 -1 -1 -1 0 
743 41 38 507 63 136 -1 -1 -1 0 
744 41 26 506 65 137 -1 -1 -1 0 
841 99 988 515 51 150 -1 -1 -1 0 
844 99 1026 505 53 158 -1 -1 -1 0 
846 99 1032 512 47 163 -1 -1 -1 0 
871 100 1045 510 34 167 -1 -1 -1 0 
931 106 38 362 154 354 -1 -1 -1 0 
936 106 9 380 145 358 -1 -1 -1 0 
1001 106 0 377 133 376 -1 -1 -1 0 
1033 111 304 505 67 135 -1 -1 -1 0 
1034 111 302 512 65 135 -1 -1 -1 0 
1043 111 297 512 65 135 -1 -1 -1 0 
1067 113 122 448 57 174 -1 -1 -1 0 
1070 113 118 445 77 195 -1 -1 -1 0 
1071 113 118 444 79 201 -1 -1 -1 0 
1072 113 119 439 83 204 -1 -1 -1 0 
1075 113 121 432 97 211 -1 -1 -1 0 
1079 113 132 439 102 217 -1 -1 -1 0 
1080 113 141 436 90 224 -1 -1 -1 0 
1081 113 140 425 89 232 -1 -1 -1 0 
1082 113 152 435 77 225 -1 -1 -1 0 
1083 113 137 444 84 218 -1 -1 -1 0 
1084 113 143 441 84 238 -1 -1 -1 0 
1087 113 133 433 75 245 -1 -1 -1 0 
1088 113 112 427 92 261 -1 -1 -1 0 
1089 113 112 426 94 268 -1 -1 -1 0 
1090 113 115 433 89 266 -1 -1 -1 0 
1091 113 114 437 82 270 -1 -1 -1 0 
1092 113 80 400 97 298 -1 -1 -1 0 
1093 113 83 414 93 305 -1 -1 -1 0 
1093 119 253 453 67 207 -1 -1 -1 0 
1094 113 56 412 95 298 -1 -1 -1 0 
1094 119 229 449 68 233 -1 -1 -1 0 
1096 113 36 417 107 322 -1 -1 -1 0 
1096 119 236 452 62 218 -1 -1 -1 0 
1097 113 4 424 126 327 -1 -1 -1 0 
1098 113 0 405 114 337 -1 -1 -1 0 
1098 119 222 441 74 233 -1 -1 -1 0 
1099 113 0 434 113 335 -1 -1 -1 0 
1099 119 204 442 90 252 -1 -1 -1 0 
1100 113 0 435 107 343 -1 -1 -1 0 
1101 119 171 434 90 259 -1 -1 -1 0 
1102 119 170 448 96 244 -1 -1 -1 0 
1103 119 154 445 97 250 -1 -1 -1 0 
1104 119 114 428 106 265 -1 -1 -1 0 
1105 119 94 432 91 273 -1 -1 -1 0 
1106 119 86 455 87 269 -1 -1 -1 0 
1107 119 42 439 107 283 -1 -1 -1 0 
1108 119 4 378 137 342 -1 -1 -1 0 
1109 119 25 444 108 287 -1 -1 -1 0 
1110 119 1 435 102 295 -1 -1 -1 0 
1111 119 0 436 91 306 -1 -1 -1 0 
1112 119 0 437 63 307 -1 -1 -1 0 
1113 119 0 474 50 279 -1 -1 -1 0 
1117 119 0 478 36 281 -1 -1 -1 0 
1152 123 87 450 109 244 -1 -1 -1 0 
1154 123 91 454 108 255 -1 -1 -1 0 
1155 123 82 453 143 265 -1 -1 -1 0 
1157 123 90 480 145 246 -1 -1 -1 0 
1159 123 55 437 141 298 -1 -1 -1 0 
1161 123 19 432 164 309 -1 -1 -1 0 
1162 123 1 434 162 314 -1 -1 -1 0 
1163 123 0 448 153 321 -1 -1 -1 0 
1164 123 0 460 134 316 -1 -1 -1 0 
1166 123 0 462 127 323 -1 -1 -1 0 
1195 129 271 461 49 109 -1 -1 -1 0 
1200 129 278 465 45 101 -1 -1 -1 0 
1205 132 319 485 69 148 -1 -1 -1 0 
1206 132 331 485 58 140 -1 -1 -1 0 
1211 132 325 488 58 145 -1 -1 -1 0 
1212 132 329 465 58 166 -1 -1 -1 0 
1213 132 330 482 69 166 -1 -1 -1 0 
1214 132 323 466 89 180 -1 -1 -1 0 
1218 132 304 459 102 184 -1 -1 -1 0 
1219 132 308 494 90 141 -1 -1 -1 0 
1220 132 309 463 95 178 -1 -1 -1 0 
1221 132 326 472 96 177 -1 -1 -1 0 
1222 132 370 470 49 168 -1 -1 -1 0 
1223 132 381 456 58 184 -1 -1 -1 0 
1225 132 385 483 65 161 -1 -1 -1 0 
1226 132 408 456 60 190 -1 -1 -1 0 
1227 132 401 479 62 164 -1 -1 -1 0 
1228 132 390 441 79 197 -1 -1 -1 0 
1229 132 395 448 90 197 -1 -1 -1 0 
1230 132 388 449 108 198 -1 -1 -1 0 
1231 132 392 449 110 203 -1 -1 -1 0 
1231 138 509 482 35 102 -1 -1 -1 0 
1231 139 368 492 51 130 -1 -1 -1 0 
1232 132 396 461 110 202 -1 -1 -1 0 
1232 138 508 481 34 103 -1 -1 -1 0 
1233 132 391 445 116 207 -1 -1 -1 0 
1233 139 358 489 51 130 -1 -1 -1 0 
1234 132 399 453 118 205 -1 -1 -1 0 
1234 139 362 503 49 131 -1 -1 -1 0 
1235 132 402 448 109 209 -1 -1 -1 0 
1235 139 357 490 49 129 -1 -1 -1 0 
1237 132 432 428 87 226 -1 -1 -1 0 
1239 132 437 424 90 231 -1 -1 -1 0 
1241 132 439 421 84 237 -1 -1 -1 0 
1242 132 450 477 79 176 -1 -1 -1 0 
1243 132 446 442 93 219 -1 -1 -1 0 
1243 139 319 494 56 133 -1 -1 -1 0 
1244 132 448 440 108 224 -1 -1 -1 0 
1244 139 315 487 56 143 -1 -1 -1 0 
1245 132 444 440 111 227 -1 -1 -1 0 
1246 132 445 436 129 231 -1 -1 -1 0 
1246 139 315 484 54 158 -1 -1 -1 0 
1247 132 451 436 131 234 -1 -1 -1 0 
1248 132 462 458 126 216 -1 -1 -1 0 
1248 139 325 491 53 148 -1 -1 -1 0 
1249 132 480 458 118 218 -1 -1 -1 0 
1250 132 484 444 123 232 -1 -1 -1 0 
1250 139 324 484 56 150 -1 -1 -1 0 
1251 132 489 435 128 234 -1 -1 -1 0 
1251 138 492 486 46 112 -1 -1 -1 0 
1252 132 505 448 109 235 -1 -1 -1 0 
1252 138 490 487 48 111 -1 -1 -1 0 
1253 132 517 447 110 238 -1 -1 -1 0 
1253 139 323 497 54 143 -1 -1 -1 0 
1254 132 526 415 107 250 -1 -1 -1 0 
1254 139 313 492 61 165 -1 -1 -1 0 
1255 132 552 440 84 240 -1 -1 -1 0 
1255 139 315 468 59 179 -1 -1 -1 0 
1256 132 552 435 100 246 -1 -1 -1 0 
1256 139 308 465 66 183 -1 -1 -1 0 
1257 132 542 419 139 261 -1 -1 -1 0 
1258 132 541 423 165 260 -1 -1 -1 0 
1258 139 322 485 68 183 -1 -1 -1 0 
1259 132 546 421 172 264 -1 -1 -1 0 
1260 132 582 416 146 262 -1 -1 -1 0 
1260 139 337 470 67 173 -1 -1 -1 0 
1261 132 598 415 146 264 -1 -1 -1 0 
1261 139 342 466 64 190 -1 -1 -1 0 
1262 132 612 425 147 271 -1 -1 -1 0 
1262 139 353 471 64 189 -1 -1 -1 0 
1263 132 629 425 140 269 -1 -1 -1 0 
1263 139 358 487 66 172 -1 -1 -1 0 
1264 132 642 411 209 318 -1 -1 -1 0 
1264 139 368 486 74 191 -1 -1 -1 0 
1265 132 682 419 123 293 -1 -1 -1 0 
1265 139 369 489 66 190 -1 -1 -1 0 
1266 132 717 425 111 310 -1 -1 -1 0 
1266 138 557 489 51 124 -1 -1 -1 0 
1266 139 356 482 75 197 -1 -1 -1 0 
1267 132 746 424 94 258 -1 -1 -1 0 
1267 138 561 489 52 126 -1 -1 -1 0 
1268 132 762 423 93 259 -1 -1 -1 0 
1269 139 373 476 83 209 -1 -1 -1 0 
1270 138 566 491 51 117 -1 -1 -1 0 
1270 139 379 479 71 196 -1 -1 -1 0 
1271 138 570 492 50 116 -1 -1 -1 0 
1271 139 379 476 69 206 -1 -1 -1 0 
1272 138 565 484 53 120 -1 -1 -1 0 
1272 139 382 488 70 198 -1 -1 -1 0 
1272 132 809 401 105 250 -1 -1 -1 0 
1273 138 567 483 54 121 -1 -1 -1 0 
1273 139 389 472 73 209 -1 -1 -1 0 
1274 139 384 477 71 210 -1 -1 -1 0 
1274 132 826 424 95 218 -1 -1 -1 0 
1275 139 388 475 71 212 -1 -1 -1 0 
1275 132 866 417 95 224 -1 -1 -1 0 
1276 138 583 473 61 134 -1 -1 -1 0 
1276 139 389 475 70 212 -1 -1 -1 0 
1276 132 875 412 83 248 -1 -1 -1 0 
1277 138 586 487 56 130 -1 -1 -1 0 
1277 139 388 475 71 214 -1 -1 -1 0 
1277 132 903 404 82 252 -1 -1 -1 0 
1278 138 587 484 59 131 -1 -1 -1 0 
1278 139 386 481 74 217 -1 -1 -1 0 
1278 132 916 409 105 243 -1 -1 -1 0 
1279 138 589 483 61 133 -1 -1 -1 0 
1279 139 371 456 86 238 -1 -1 -1 0 
1280 138 591 477 57 138 -1 -1 -1 0 
1280 139 351 483 112 229 -1 -1 -1 0 
1281 138 593 467 59 140 -1 -1 -1 0 
1281 139 381 466 82 228 -1 -1 -1 0 
1282 138 598 470 58 137 -1 -1 -1 0 
1282 139 368 483 94 230 -1 -1 -1 0 
1283 138 595 478 52 138 -1 -1 -1 0 
1283 139 339 472 118 237 -1 -1 -1 0 
1284 138 582 464 62 143 -1 -1 -1 0 
1284 139 351 476 95 242 -1 -1 -1 0 
1284 145 995 378 84 326 -1 -1 -1 0 
1285 138 580 477 59 142 -1 -1 -1 0 
1285 139 323 464 121 252 -1 -1 -1 0 
1285 132 994 376 85 356 -1 -1 -1 0 
1286 138 584 467 57 144 -1 -1 -1 0 
1286 139 315 472 159 247 -1 -1 -1 0 
1287 138 580 461 59 145 -1 -1 -1 0 
1287 139 342 467 102 250 -1 -1 -1 0 
1287 132 845 413 234 469 -1 -1 -1 0 
1288 138 587 474 61 138 -1 -1 -1 0 
1288 139 328 479 116 253 -1 -1 -1 0 
1289 138 588 474 61 138 -1 -1 -1 0 
1290 138 580 475 57 146 -1 -1 -1 0 
1290 139 312 465 124 260 -1 -1 -1 0 
1291 138 573 464 62 147 -1 -1 -1 0 
1291 139 295 451 127 273 -1 -1 -1 0 
1292 138 573 463 61 148 -1 -1 -1 0 
1294 139 230 459 156 289 -1 -1 -1 0 
1295 139 233 409 143 335 -1 -1 -1 0 
1296 139 239 461 136 296 -1 -1 -1 0 
1297 139 209 451 168 307 -1 -1 -1 0 
1298 139 179 452 186 316 -1 -1 -1 0 
1299 138 533 473 64 155 -1 -1 -1 0 
1299 139 191 460 176 316 -1 -1 -1 0 
1300 138 529 474 64 156 -1 -1 -1 0 
1301 138 532 482 63 150 -1 -1 -1 0 
1301 139 144 444 196 331 -1 -1 -1 0 
1302 138 529 483 63 150 -1 -1 -1 0 
1303 138 546 469 58 155 -1 -1 -1 0 
1303 139 134 466 202 326 -1 -1 -1 0 
1304 138 546 468 57 157 -1 -1 -1 0 
1305 138 565 466 65 161 -1 -1 -1 0 
1305 139 136 459 192 338 -1 -1 -1 0 
1306 138 573 464 63 163 -1 -1 -1 0 
1306 139 119 445 201 353 -1 -1 -1 0 
1307 138 576 464 62 163 -1 -1 -1 0 
1307 139 105 460 202 344 -1 -1 -1 0 
1309 138 562 454 64 170 -1 -1 -1 0 
1309 139 68 454 226 358 -1 -1 -1 0 
1310 138 562 452 66 173 -1 -1 -1 0 
1311 138 534 462 71 165 -1 -1 -1 0 
1311 139 22 447 249 374 -1 -1 -1 0 
1312 138 530 473 59 163 -1 -1 -1 0 
1312 139 4 455 253 366 -1 -1 -1 0 
1313 138 525 451 66 170 -1 -1 -1 0 
1313 139 0 455 262 371 -1 -1 -1 0 
1314 138 528 465 68 169 -1 -1 -1 0 
1314 139 0 458 257 366 -1 -1 -1 0 
1315 138 526 466 69 170 -1 -1 -1 0 
1316 139 12 453 272 372 -1 -1 -1 0 
1317 139 13 440 297 388 -1 -1 -1 0 
1318 139 77 472 213 349 -1 -1 -1 0 
1319 139 1 427 297 408 -1 -1 -1 0 
1319 153 232 484 100 195 -1 -1 -1 0 
1320 139 1 419 278 420 -1 -1 -1 0 
1321 139 0 436 256 414 -1 -1 -1 0 
1322 138 608 451 77 182 -1 -1 -1 0 
1322 139 7 367 221 497 -1 -1 -1 0 
1323 138 601 456 73 177 -1 -1 -1 0 
1323 139 13 356 178 512 -1 -1 -1 0 
1324 138 596 450 72 183 -1 -1 -1 0 
1324 139 7 408 156 463 -1 -1 -1 0 
1325 138 592 450 71 182 -1 -1 -1 0 
1325 139 0 512 148 367 -1 -1 -1 0 
1327 138 593 463 78 181 -1 -1 -1 0 
1328 138 602 438 77 189 -1 -1 -1 0 
1329 138 603 448 77 183 -1 -1 -1 0 
1330 138 613 455 74 189 -1 -1 -1 0 
1331 138 608 450 85 192 -1 -1 -1 0 
1332 138 610 448 70 181 -1 -1 -1 0 
1333 138 614 430 80 186 -1 -1 -1 0 
1334 138 613 434 77 185 -1 -1 -1 0 
1335 138 609 453 71 181 -1 -1 -1 0 
1336 138 606 438 68 185 -1 -1 -1 0 
1337 138 594 446 78 189 -1 -1 -1 0 
1338 138 584 440 78 186 -1 -1 -1 0 
1339 138 588 438 82 191 -1 -1 -1 0 
1340 138 595 445 68 187 -1 -1 -1 0 
1341 138 586 448 91 189 -1 -1 -1 0 
1342 138 596 457 75 189 -1 -1 -1 0 
1343 138 601 468 80 189 -1 -1 -1 0 
1344 138 620 457 83 192 -1 -1 -1 0 
1345 138 649 470 82 181 -1 -1 -1 0 
1346 138 682 483 94 182 -1 -1 -1 0 
1347 138 727 478 93 187 -1 -1 -1 0 
1348 138 763 493 92 184 -1 -1 -1 0 
1349 138 791 490 99 185 -1 -1 -1 0 
1350 138 814 484 94 188 -1 -1 -1 0 
1351 138 816 480 91 189 -1 -1 -1 0 
1352 138 803 482 91 189 -1 -1 -1 0 
1353 138 791 478 88 190 -1 -1 -1 0 
1354 138 780 473 88 191 -1 -1 -1 0 
1356 138 743 474 93 184 -1 -1 -1 0 
1357 138 750 467 84 202 -1 -1 -1 0 
1358 138 749 482 91 191 -1 -1 -1 0 
1359 138 749 470 93 190 -1 -1 -1 0 
1360 138 750 470 89 187 -1 -1 -1 0 
1361 138 751 470 84 190 -1 -1 -1 0 
1362 138 754 475 88 192 -1 -1 -1 0 
1363 138 775 466 84 185 -1 -1 -1 0 
1364 138 743 474 98 186 -1 -1 -1 0 
1365 138 753 470 91 187 -1 -1 -1 0 
1366 138 773 468 90 188 -1 -1 -1 0 
1367 138 777 472 94 187 -1 -1 -1 0 
1368 138 777 467 98 188 -1 -1 -1 0 
1369 138 778 465 102 189 -1 -1 -1 0 
1370 138 794 466 86 188 -1 -1 -1 0 
1371 138 790 466 88 189 -1 -1 -1 0 
1372 138 776 463 95 189 -1 -1 -1 0 
1373 138 774 460 92 190 -1 -1 -1 0 
1374 138 777 457 82 189 -1 -1 -1 0 
1375 138 767 460 89 192 -1 -1 -1 0 
1376 138 765 457 87 189 -1 -1 -1 0 
1377 138 752 454 88 191 -1 -1 -1 0 
1378 138 753 454 82 192 -1 -1 -1 0 
1379 138 751 455 85 193 -1 -1 -1 0 
1380 138 751 455 85 193 -1 -1 -1 0 
1381 138 752 452 85 193 -1 -1 -1 0 
