3 1 704 349 55 141 -1 -1 -1 0 
3 2 388 315 150 396 -1 -1 -1 0 
3 4 200 363 95 219 -1 -1 -1 0 
3 5 4 413 62 384 -1 -1 -1 0 
4 1 703 347 54 141 -1 -1 -1 0 
4 2 380 319 158 386 -1 -1 -1 0 
4 4 194 361 94 218 -1 -1 -1 0 
4 5 2 425 60 377 -1 -1 -1 0 
5 1 706 348 51 142 -1 -1 -1 0 
5 2 375 312 159 389 -1 -1 -1 0 
5 4 199 367 91 213 -1 -1 -1 0 
6 1 713 349 51 139 -1 -1 -1 0 
6 2 375 349 165 347 -1 -1 -1 0 
6 4 198 361 87 214 -1 -1 -1 0 
6 5 0 532 54 302 -1 -1 -1 0 
7 1 720 342 49 141 -1 -1 -1 0 
7 2 374 338 164 349 -1 -1 -1 0 
7 4 204 368 81 201 -1 -1 -1 0 
8 1 723 343 50 142 -1 -1 -1 0 
8 2 391 327 143 351 -1 -1 -1 0 
8 4 196 361 91 221 -1 -1 -1 0 
9 1 730 340 46 141 -1 -1 -1 0 
9 2 375 320 158 349 -1 -1 -1 0 
9 4 181 361 100 227 -1 -1 -1 0 
10 1 733 337 43 148 -1 -1 -1 0 
10 2 370 323 155 343 -1 -1 -1 0 
10 4 186 365 90 221 -1 -1 -1 0 
11 1 739 327 47 148 -1 -1 -1 0 
11 2 365 311 163 339 -1 -1 -1 0 
11 4 165 353 107 227 -1 -1 -1 0 
12 1 732 318 47 153 -1 -1 -1 0 
12 2 356 306 159 349 -1 -1 -1 0 
12 4 154 349 106 234 -1 -1 -1 0 
13 1 723 323 47 150 -1 -1 -1 0 
13 2 345 306 156 355 -1 -1 -1 0 
13 4 138 350 104 240 -1 -1 -1 0 
14 1 741 314 48 163 -1 -1 -1 0 
14 2 361 327 154 317 -1 -1 -1 0 
14 4 141 348 116 244 -1 -1 -1 0 
15 1 757 318 49 157 -1 -1 -1 0 
15 2 368 325 155 335 -1 -1 -1 0 
15 4 152 352 113 238 -1 -1 -1 0 
16 1 766 321 57 153 -1 -1 -1 0 
16 2 375 308 148 351 -1 -1 -1 0 
16 4 147 345 116 249 -1 -1 -1 0 
17 1 777 316 51 159 -1 -1 -1 0 
17 2 379 307 147 356 -1 -1 -1 0 
17 4 152 343 109 251 -1 -1 -1 0 
18 1 779 318 60 153 -1 -1 -1 0 
18 2 378 300 147 370 -1 -1 -1 0 
18 4 141 336 121 255 -1 -1 -1 0 
19 1 780 308 57 151 -1 -1 -1 0 
19 2 372 294 151 344 -1 -1 -1 0 
19 4 132 325 118 267 -1 -1 -1 0 
20 1 776 297 58 155 -1 -1 -1 0 
20 2 379 293 138 332 -1 -1 -1 0 
20 4 127 322 109 274 -1 -1 -1 0 
21 1 779 293 60 157 -1 -1 -1 0 
22 1 761 294 58 169 -1 -1 -1 0 
22 2 344 295 165 311 -1 -1 -1 0 
22 4 70 301 138 295 -1 -1 -1 0 
23 1 759 302 53 166 -1 -1 -1 0 
23 2 339 295 157 299 -1 -1 -1 0 
23 4 58 315 139 299 -1 -1 -1 0 
24 1 769 303 60 167 -1 -1 -1 0 
24 2 363 306 140 320 -1 -1 -1 0 
24 4 56 319 136 301 -1 -1 -1 0 
25 1 775 309 58 169 -1 -1 -1 0 
25 2 346 305 165 282 -1 -1 -1 0 
25 4 58 309 124 325 -1 -1 -1 0 
26 1 769 314 57 160 -1 -1 -1 0 
26 2 347 288 130 306 -1 -1 -1 0 
26 4 41 316 126 307 -1 -1 -1 0 
27 1 744 298 63 166 -1 -1 -1 0 
27 2 310 283 150 303 -1 -1 -1 0 
27 4 2 305 140 333 -1 -1 -1 0 
28 1 713 273 75 171 -1 -1 -1 0 
28 2 276 276 162 300 -1 -1 -1 0 
28 4 3 292 105 347 -1 -1 -1 0 
29 1 676 253 79 183 -1 -1 -1 0 
29 2 229 248 175 309 -1 -1 -1 0 
30 1 633 243 71 179 -1 -1 -1 0 
30 2 187 229 142 339 -1 -1 -1 0 
31 1 618 236 73 181 -1 -1 -1 0 
32 1 572 225 66 184 -1 -1 -1 0 
32 2 112 229 161 319 -1 -1 -1 0 
33 1 553 217 67 186 -1 -1 -1 0 
33 2 100 223 159 330 -1 -1 -1 0 
34 2 102 210 170 300 -1 -1 -1 0 
35 2 95 158 174 338 -1 -1 -1 0 
36 1 594 162 67 203 -1 -1 -1 0 
36 2 106 136 170 328 -1 -1 -1 0 
37 1 587 151 68 205 -1 -1 -1 0 
39 2 95 88 178 321 -1 -1 -1 0 
40 1 743 126 61 193 -1 -1 -1 0 
41 1 796 124 60 206 -1 -1 -1 0 
41 19 304 87 104 330 -1 -1 -1 0 
42 1 833 118 63 203 -1 -1 -1 0 
42 19 305 80 120 330 -1 -1 -1 0 
43 1 849 109 64 204 -1 -1 -1 0 
43 19 383 94 60 275 -1 -1 -1 0 
44 19 409 92 59 267 -1 -1 -1 0 
47 1 809 315 65 181 -1 -1 -1 0 
48 1 821 342 63 198 -1 -1 -1 0 
49 1 828 370 63 197 -1 -1 -1 0 
50 28 430 439 78 157 -1 -1 -1 0 
50 29 268 418 103 258 -1 -1 -1 0 
50 30 353 422 60 226 -1 -1 -1 0 
51 28 392 417 72 163 -1 -1 -1 0 
51 29 261 454 97 245 -1 -1 -1 0 
51 30 339 452 58 218 -1 -1 -1 0 
52 28 368 429 72 163 -1 -1 -1 0 
53 28 362 379 64 185 -1 -1 -1 0 
53 30 252 365 64 249 -1 -1 -1 0 
53 2 155 353 111 347 -1 -1 -1 0 
54 28 384 385 68 172 -1 -1 -1 0 
54 30 269 372 64 238 -1 -1 -1 0 
54 2 174 371 117 296 -1 -1 -1 0 
55 28 402 381 65 176 -1 -1 -1 0 
55 30 279 354 66 236 -1 -1 -1 0 
55 2 187 325 109 352 -1 -1 -1 0 
56 28 397 380 65 180 -1 -1 -1 0 
56 30 285 354 64 240 -1 -1 -1 0 
57 1 776 386 83 214 -1 -1 -1 0 
57 28 428 379 65 172 -1 -1 -1 0 
57 30 296 370 62 234 -1 -1 -1 0 
57 2 211 368 103 277 -1 -1 -1 0 
58 1 773 397 85 215 -1 -1 -1 0 
58 28 430 375 70 174 -1 -1 -1 0 
58 30 301 358 67 245 -1 -1 -1 0 
59 28 428 378 72 174 -1 -1 -1 0 
59 30 297 354 67 248 -1 -1 -1 0 
59 2 198 332 112 297 -1 -1 -1 0 
60 28 429 373 75 175 -1 -1 -1 0 
60 30 289 340 64 255 -1 -1 -1 0 
60 2 195 329 107 319 -1 -1 -1 0 
61 28 438 375 66 180 -1 -1 -1 0 
61 29 197 324 98 278 -1 -1 -1 0 
61 30 288 340 65 255 -1 -1 -1 0 
61 2 197 324 108 320 -1 -1 -1 0 
62 28 453 374 68 182 -1 -1 -1 0 
62 1 191 322 98 278 -1 -1 -1 0 
62 30 291 349 66 247 -1 -1 -1 0 
63 28 467 372 64 184 -1 -1 -1 0 
63 30 295 339 70 254 -1 -1 -1 0 
63 2 201 314 106 358 -1 -1 -1 0 
63 36 813 371 96 272 -1 -1 -1 0 
64 28 469 356 72 185 -1 -1 -1 0 
64 30 300 332 73 256 -1 -1 -1 0 
64 2 204 311 105 286 -1 -1 -1 0 
64 36 825 372 89 224 -1 -1 -1 0 
65 28 474 353 77 187 -1 -1 -1 0 
65 30 306 338 66 250 -1 -1 -1 0 
65 2 202 322 114 280 -1 -1 -1 0 
65 36 847 370 89 258 -1 -1 -1 0 
66 28 481 351 80 204 -1 -1 -1 0 
66 30 313 338 70 256 -1 -1 -1 0 
66 2 222 313 97 349 -1 -1 -1 0 
66 36 849 369 107 262 -1 -1 -1 0 
67 28 495 371 90 187 -1 -1 -1 0 
67 30 323 340 75 247 -1 -1 -1 0 
67 2 224 301 113 306 -1 -1 -1 0 
67 36 866 379 108 285 -1 -1 -1 0 
68 28 525 374 108 188 -1 -1 -1 0 
68 30 349 340 76 249 -1 -1 -1 0 
68 2 248 313 109 297 -1 -1 -1 0 
68 36 915 396 88 243 -1 -1 -1 0 
69 28 533 375 112 189 -1 -1 -1 0 
69 30 353 339 77 250 -1 -1 -1 0 
70 28 612 368 89 191 -1 -1 -1 0 
70 30 422 335 71 255 -1 -1 -1 0 
70 2 336 301 101 303 -1 -1 -1 0 
70 36 983 394 95 293 -1 -1 -1 0 
71 28 626 367 91 192 -1 -1 -1 0 
71 30 448 348 72 257 -1 -1 -1 0 
72 28 668 368 94 194 -1 -1 -1 0 
72 30 452 338 73 257 -1 -1 -1 0 
72 36 1041 526 38 201 -1 -1 -1 0 
73 28 686 373 93 201 -1 -1 -1 0 
73 30 462 337 74 258 -1 -1 -1 0 
74 28 702 373 96 203 -1 -1 -1 0 
74 30 486 338 77 258 -1 -1 -1 0 
75 28 725 361 102 207 -1 -1 -1 0 
75 30 505 349 71 250 -1 -1 -1 0 
75 2 426 303 100 299 -1 -1 -1 0 
76 28 767 359 84 220 -1 -1 -1 0 
76 30 515 347 82 259 -1 -1 -1 0 
76 2 439 301 102 300 -1 -1 -1 0 
77 28 783 361 98 206 -1 -1 -1 0 
77 30 533 331 83 256 -1 -1 -1 0 
78 28 802 360 100 208 -1 -1 -1 0 
78 30 549 327 80 262 -1 -1 -1 0 
79 30 552 323 78 264 -1 -1 -1 0 
80 30 549 311 74 269 -1 -1 -1 0 
80 2 458 260 112 321 -1 -1 -1 0 
81 30 536 334 73 249 -1 -1 -1 0 
81 2 450 356 99 210 -1 -1 -1 0 
82 30 514 343 74 254 -1 -1 -1 0 
82 2 459 363 97 200 -1 -1 -1 0 
83 28 815 349 91 227 -1 -1 -1 0 
83 29 435 302 102 285 -1 -1 -1 0 
83 30 520 328 71 265 -1 -1 -1 0 
84 28 817 345 107 230 -1 -1 -1 0 
84 29 446 302 102 284 -1 -1 -1 0 
84 30 517 321 75 268 -1 -1 -1 0 
85 28 831 333 106 231 -1 -1 -1 0 
85 30 527 316 73 267 -1 -1 -1 0 
85 2 442 367 97 194 -1 -1 -1 0 
86 28 843 329 108 234 -1 -1 -1 0 
87 30 512 331 79 259 -1 -1 -1 0 
87 2 433 298 99 295 -1 -1 -1 0 
88 30 514 331 80 260 -1 -1 -1 0 
89 30 511 339 72 262 -1 -1 -1 0 
89 2 418 297 113 304 -1 -1 -1 0 
90 28 846 334 107 242 -1 -1 -1 0 
90 30 500 346 74 273 -1 -1 -1 0 
91 28 853 333 109 244 -1 -1 -1 0 
92 30 488 343 69 270 -1 -1 -1 0 
92 2 389 313 110 359 -1 -1 -1 0 
93 28 862 345 105 241 -1 -1 -1 0 
93 29 383 305 125 327 -1 -1 -1 0 
93 30 481 348 75 271 -1 -1 -1 0 
94 28 869 345 106 242 -1 -1 -1 0 
94 29 385 304 127 332 -1 -1 -1 0 
95 30 475 332 72 278 -1 -1 -1 0 
95 2 382 308 111 369 -1 -1 -1 0 
96 29 377 308 118 313 -1 -1 -1 0 
96 30 472 353 70 262 -1 -1 -1 0 
97 29 377 308 119 314 -1 -1 -1 0 
98 29 348 303 120 308 -1 -1 -1 0 
98 30 450 349 66 260 -1 -1 -1 0 
100 29 327 290 119 311 -1 -1 -1 0 
100 30 427 325 79 279 -1 -1 -1 0 
101 28 906 312 88 276 -1 -1 -1 0 
101 29 321 288 120 312 -1 -1 -1 0 
101 30 414 341 83 277 -1 -1 -1 0 
102 28 914 302 95 285 -1 -1 -1 0 
102 30 401 337 81 280 -1 -1 -1 0 
103 28 905 304 112 293 -1 -1 -1 0 
103 30 405 344 73 276 -1 -1 -1 0 
104 28 903 311 126 287 -1 -1 -1 0 
104 30 403 333 79 294 -1 -1 -1 0 
104 2 284 313 126 349 -1 -1 -1 0 
105 28 916 321 132 285 -1 -1 -1 0 
105 30 397 331 84 281 -1 -1 -1 0 
105 2 295 304 111 340 -1 -1 -1 0 
106 28 921 305 153 300 -1 -1 -1 0 
106 30 393 330 82 277 -1 -1 -1 0 
107 28 957 291 120 288 -1 -1 -1 0 
107 30 385 340 80 265 -1 -1 -1 0 
108 28 941 289 136 306 -1 -1 -1 0 
108 30 370 305 84 297 -1 -1 -1 0 
108 2 253 286 119 341 -1 -1 -1 0 
109 28 943 273 133 311 -1 -1 -1 0 
109 30 351 303 93 302 -1 -1 -1 0 
109 2 230 260 129 373 -1 -1 -1 0 
110 28 924 263 155 326 -1 -1 -1 0 
110 30 313 315 99 298 -1 -1 -1 0 
111 28 917 294 134 296 -1 -1 -1 0 
111 30 300 325 96 304 -1 -1 -1 0 
112 28 918 293 137 297 -1 -1 -1 0 
112 29 141 286 142 364 -1 -1 -1 0 
113 28 968 292 107 331 -1 -1 -1 0 
113 29 127 285 143 369 -1 -1 -1 0 
113 30 259 335 112 312 -1 -1 -1 0 
114 28 954 300 125 344 -1 -1 -1 0 
114 30 272 329 90 306 -1 -1 -1 0 
115 28 973 305 106 339 -1 -1 -1 0 
116 28 978 306 101 344 -1 -1 -1 0 
116 30 276 438 83 293 -1 -1 -1 0 
117 30 296 493 96 295 -1 -1 -1 0 
118 30 315 510 104 289 -1 -1 -1 0 
119 30 318 565 93 276 -1 -1 -1 0 
120 30 299 575 102 287 -1 -1 -1 0 
121 30 303 553 102 292 -1 -1 -1 0 
122 30 318 563 101 285 -1 -1 -1 0 
123 30 331 520 107 302 -1 -1 -1 0 
124 30 342 455 90 309 -1 -1 -1 0 
124 2 132 406 167 374 -1 -1 -1 0 
125 30 344 419 102 311 -1 -1 -1 0 
126 30 335 403 113 318 -1 -1 -1 0 
127 30 315 343 108 324 -1 -1 -1 0 
128 30 300 324 95 331 -1 -1 -1 0 
129 29 71 377 157 316 -1 -1 -1 0 
129 30 287 374 106 318 -1 -1 -1 0 
130 29 67 382 157 313 -1 -1 -1 0 
131 30 261 308 114 324 -1 -1 -1 0 
132 30 271 319 102 325 -1 -1 -1 0 
133 30 285 320 109 330 -1 -1 -1 0 
134 30 308 303 96 330 -1 -1 -1 0 
135 30 329 275 103 352 -1 -1 -1 0 
135 2 75 242 170 406 -1 -1 -1 0 
136 30 349 321 97 323 -1 -1 -1 0 
136 2 91 269 145 390 -1 -1 -1 0 
137 30 358 333 99 332 -1 -1 -1 0 
137 2 102 315 170 357 -1 -1 -1 0 
138 30 346 343 104 337 -1 -1 -1 0 
138 2 97 323 163 358 -1 -1 -1 0 
139 30 346 348 111 328 -1 -1 -1 0 
140 2 96 364 135 337 -1 -1 -1 0 
140 30 349 369 105 336 -1 -1 -1 0 
141 2 114 376 157 304 -1 -1 -1 0 
141 30 366 384 114 331 -1 -1 -1 0 
142 2 114 378 161 301 -1 -1 -1 0 
142 30 375 354 111 338 -1 -1 -1 0 
143 30 373 346 113 337 -1 -1 -1 0 
143 2 114 313 155 348 -1 -1 -1 0 
144 2 109 330 156 347 -1 -1 -1 0 
144 30 364 348 120 337 -1 -1 -1 0 
145 2 109 326 159 350 -1 -1 -1 0 
146 2 95 311 153 352 -1 -1 -1 0 
146 30 358 314 124 359 -1 -1 -1 0 
147 2 90 326 160 344 -1 -1 -1 0 
147 30 361 339 121 342 -1 -1 -1 0 
148 2 93 301 143 374 -1 -1 -1 0 
148 30 365 327 122 351 -1 -1 -1 0 
149 2 103 313 164 347 -1 -1 -1 0 
149 30 376 323 125 363 -1 -1 -1 0 
150 2 102 309 168 349 -1 -1 -1 0 
150 30 399 347 111 344 -1 -1 -1 0 
151 2 134 326 152 341 -1 -1 -1 0 
151 30 408 367 121 339 -1 -1 -1 0 
152 2 154 313 167 358 -1 -1 -1 0 
152 30 428 340 124 369 -1 -1 -1 0 
153 2 170 332 154 329 -1 -1 -1 0 
153 30 440 354 121 354 -1 -1 -1 0 
154 2 172 324 167 328 -1 -1 -1 0 
154 30 448 364 122 345 -1 -1 -1 0 
155 2 189 326 145 339 -1 -1 -1 0 
155 30 449 354 130 352 -1 -1 -1 0 
156 2 199 336 157 320 -1 -1 -1 0 
156 30 471 353 122 362 -1 -1 -1 0 
157 2 216 328 158 329 -1 -1 -1 0 
157 30 490 357 134 359 -1 -1 -1 0 
158 2 223 328 160 328 -1 -1 -1 0 
159 2 256 351 151 298 -1 -1 -1 0 
159 30 522 360 128 361 -1 -1 -1 0 
160 2 265 354 152 293 -1 -1 -1 0 
160 30 538 357 124 364 -1 -1 -1 0 
161 2 278 366 155 318 -1 -1 -1 0 
161 30 547 357 130 369 -1 -1 -1 0 
162 2 278 338 150 333 -1 -1 -1 0 
162 30 554 358 130 382 -1 -1 -1 0 
163 2 290 372 155 320 -1 -1 -1 0 
163 30 563 365 124 378 -1 -1 -1 0 
164 2 273 329 178 332 -1 -1 -1 0 
164 30 571 360 126 381 -1 -1 -1 0 
165 2 277 326 176 346 -1 -1 -1 0 
165 30 573 349 128 391 -1 -1 -1 0 
166 2 303 351 153 351 -1 -1 -1 0 
166 30 569 358 142 375 -1 -1 -1 0 
167 2 310 331 154 358 -1 -1 -1 0 
167 30 581 340 132 374 -1 -1 -1 0 
168 2 313 295 160 385 -1 -1 -1 0 
168 30 587 295 145 408 -1 -1 -1 0 
169 2 305 304 152 384 -1 -1 -1 0 
169 30 572 311 142 399 -1 -1 -1 0 
170 2 285 317 165 359 -1 -1 -1 0 
170 30 572 331 131 382 -1 -1 -1 0 
171 2 284 320 135 347 -1 -1 -1 0 
171 30 569 313 134 408 -1 -1 -1 0 
172 2 281 335 166 351 -1 -1 -1 0 
172 30 568 336 140 388 -1 -1 -1 0 
173 2 283 336 168 352 -1 -1 -1 0 
174 2 280 350 156 315 -1 -1 -1 0 
174 30 554 316 154 420 -1 -1 -1 0 
175 2 281 352 157 313 -1 -1 -1 0 
176 30 546 328 171 416 -1 -1 -1 0 
176 2 272 364 143 296 -1 -1 -1 0 
177 30 550 321 152 435 -1 -1 -1 0 
177 2 287 382 113 303 -1 -1 -1 0 
178 30 552 337 148 428 -1 -1 -1 0 
178 2 278 358 156 289 -1 -1 -1 0 
179 30 549 326 138 431 -1 -1 -1 0 
180 30 545 323 144 431 -1 -1 -1 0 
181 30 536 318 166 443 -1 -1 -1 0 
182 2 256 351 156 311 -1 -1 -1 0 
182 30 522 314 169 434 -1 -1 -1 0 
183 2 250 348 160 323 -1 -1 -1 0 
183 30 524 310 157 454 -1 -1 -1 0 
184 2 242 377 160 289 -1 -1 -1 0 
184 30 513 308 156 449 -1 -1 -1 0 
185 2 223 369 162 300 -1 -1 -1 0 
185 30 493 308 157 453 -1 -1 -1 0 
186 2 207 361 164 302 -1 -1 -1 0 
186 30 476 300 166 462 -1 -1 -1 0 
187 2 212 360 152 329 -1 -1 -1 0 
187 30 468 301 162 459 -1 -1 -1 0 
188 2 153 352 202 321 -1 -1 -1 0 
188 30 468 328 149 440 -1 -1 -1 0 
190 2 186 329 166 324 -1 -1 -1 0 
190 30 444 265 164 482 -1 -1 -1 0 
191 2 190 363 160 273 -1 -1 -1 0 
191 30 439 279 164 490 -1 -1 -1 0 
192 2 184 365 162 268 -1 -1 -1 0 
192 30 437 289 161 486 -1 -1 -1 0 
193 30 439 268 160 492 -1 -1 -1 0 
194 30 436 260 170 503 -1 -1 -1 0 
194 2 194 316 146 387 -1 -1 -1 0 
195 2 188 345 151 309 -1 -1 -1 0 
195 30 430 255 180 493 -1 -1 -1 0 
196 2 212 336 141 339 -1 -1 -1 0 
196 30 442 289 172 487 -1 -1 -1 0 
197 2 223 342 147 322 -1 -1 -1 0 
197 30 456 293 173 470 -1 -1 -1 0 
198 2 223 341 150 325 -1 -1 -1 0 
199 30 458 272 172 515 -1 -1 -1 0 
200 30 458 263 171 524 -1 -1 -1 0 
201 30 468 280 177 528 -1 -1 -1 0 
202 30 485 278 180 507 -1 -1 -1 0 
203 30 508 231 181 585 -1 -1 -1 0 
203 2 295 300 137 315 -1 -1 -1 0 
205 30 540 253 193 584 -1 -1 -1 0 
205 2 341 317 125 346 -1 -1 -1 0 
206 30 563 256 189 588 -1 -1 -1 0 
207 2 374 324 141 312 -1 -1 -1 0 
207 30 575 254 203 589 -1 -1 -1 0 
208 2 388 328 138 315 -1 -1 -1 0 
208 30 584 270 209 575 -1 -1 -1 0 
209 2 400 327 138 316 -1 -1 -1 0 
213 30 661 254 209 618 -1 -1 -1 0 
214 2 455 340 115 305 -1 -1 -1 0 
214 30 666 313 200 591 -1 -1 -1 0 
215 2 469 341 113 303 -1 -1 -1 0 
215 30 645 286 217 631 -1 -1 -1 0 
215 2 453 367 110 288 -1 -1 -1 0 
216 2 451 383 137 263 -1 -1 -1 0 
216 30 650 297 225 633 -1 -1 -1 0 
216 2 466 371 109 284 -1 -1 -1 0 
217 2 463 388 136 258 -1 -1 -1 0 
217 30 656 337 214 617 -1 -1 -1 0 
218 30 652 329 231 644 -1 -1 -1 0 
218 2 471 395 130 290 -1 -1 -1 0 
220 2 470 420 117 249 -1 -1 -1 0 
220 30 662 338 233 648 -1 -1 -1 0 
221 2 479 428 117 243 -1 -1 -1 0 
221 30 670 343 238 657 -1 -1 -1 0 
225 2 496 366 102 248 -1 -1 -1 0 
229 2 528 319 121 284 -1 -1 -1 0 
231 30 799 191 276 920 -1 -1 -1 0 
231 2 570 368 91 263 -1 -1 -1 0 
233 2 551 394 111 263 -1 -1 -1 0 
233 30 805 203 274 939 -1 -1 -1 0 
233 2 584 371 89 261 -1 -1 -1 0 
234 2 562 395 111 263 -1 -1 -1 0 
235 30 790 100 289 973 -1 -1 -1 0 
235 2 549 402 115 248 -1 -1 -1 0 
236 2 557 363 111 272 -1 -1 -1 0 
236 30 802 83 277 999 -1 -1 -1 0 
237 29 565 360 111 272 -1 -1 -1 0 
237 2 548 353 106 273 -1 -1 -1 0 
238 29 533 335 116 275 -1 -1 -1 0 
238 2 554 352 108 274 -1 -1 -1 0 
239 29 524 394 127 232 -1 -1 -1 0 
239 2 780 226 299 980 -1 -1 -1 0 
239 63 222 404 81 204 -1 -1 -1 0 
240 2 527 397 129 228 -1 -1 -1 0 
240 30 786 229 293 998 -1 -1 -1 0 
241 2 528 328 121 280 -1 -1 -1 0 
241 30 823 205 256 992 -1 -1 -1 0 
241 33 524 344 120 263 -1 -1 -1 0 
242 2 526 315 115 295 -1 -1 -1 0 
242 30 832 205 247 1009 -1 -1 -1 0 
243 2 527 308 117 300 -1 -1 -1 0 
244 2 553 322 100 273 -1 -1 -1 0 
244 33 537 319 113 285 -1 -1 -1 0 
245 2 551 321 112 277 -1 -1 -1 0 
246 2 554 317 114 279 -1 -1 -1 0 
247 63 112 322 122 275 -1 -1 -1 0 
248 2 584 342 114 256 -1 -1 -1 0 
248 63 76 315 153 299 -1 -1 -1 0 
249 2 606 308 119 287 -1 -1 -1 0 
249 33 590 342 115 254 -1 -1 -1 0 
250 2 621 351 115 260 -1 -1 -1 0 
250 63 80 329 149 336 -1 -1 -1 0 
251 2 634 355 112 263 -1 -1 -1 0 
251 63 35 315 168 353 -1 -1 -1 0 
252 2 634 322 117 291 -1 -1 -1 0 
252 63 3 304 170 375 -1 -1 -1 0 
253 2 628 341 116 282 -1 -1 -1 0 
253 63 0 304 151 403 -1 -1 -1 0 
254 2 618 342 114 285 -1 -1 -1 0 
254 63 3 299 95 426 -1 -1 -1 0 
255 2 622 342 115 288 -1 -1 -1 0 
256 2 635 323 92 286 -1 -1 -1 0 
257 2 641 321 89 288 -1 -1 -1 0 
258 33 639 317 103 289 -1 -1 -1 0 
259 2 629 343 108 264 -1 -1 -1 0 
259 33 645 315 102 291 -1 -1 -1 0 
260 2 626 340 101 272 -1 -1 -1 0 
261 2 627 340 102 273 -1 -1 -1 0 
262 2 591 322 122 288 -1 -1 -1 0 
262 67 94 412 53 165 -1 -1 -1 0 
263 2 588 320 125 291 -1 -1 -1 0 
264 2 606 347 93 281 -1 -1 -1 0 
265 2 584 350 119 292 -1 -1 -1 0 
265 2 606 349 92 281 -1 -1 -1 0 
266 2 584 356 114 276 -1 -1 -1 0 
267 2 582 358 115 276 -1 -1 -1 0 
269 2 593 352 119 266 -1 -1 -1 0 
270 2 600 324 127 292 -1 -1 -1 0 
271 2 615 332 128 271 -1 -1 -1 0 
273 2 656 315 125 291 -1 -1 -1 0 
274 2 664 313 129 304 -1 -1 -1 0 
275 2 666 328 119 290 -1 -1 -1 0 
276 2 657 310 130 291 -1 -1 -1 0 
277 2 647 306 127 281 -1 -1 -1 0 
279 2 632 316 122 273 -1 -1 -1 0 
280 2 632 315 123 271 -1 -1 -1 0 
282 2 613 320 123 278 -1 -1 -1 0 
283 2 606 332 115 297 -1 -1 -1 0 
284 2 603 332 116 300 -1 -1 -1 0 
285 2 588 325 117 322 -1 -1 -1 0 
286 2 571 320 123 316 -1 -1 -1 0 
287 2 550 334 118 305 -1 -1 -1 0 
288 2 571 350 88 283 -1 -1 -1 0 
289 2 530 334 127 285 -1 -1 -1 0 
289 2 568 352 86 281 -1 -1 -1 0 
291 2 513 326 114 290 -1 -1 -1 0 
296 2 503 326 114 291 -1 -1 -1 0 
297 2 498 326 113 287 -1 -1 -1 0 
299 2 496 333 110 298 -1 -1 -1 0 
300 2 490 339 113 272 -1 -1 -1 0 
301 2 491 322 101 298 -1 -1 -1 0 
302 2 481 338 115 311 -1 -1 -1 0 
303 2 473 339 117 314 -1 -1 -1 0 
304 2 521 437 75 228 -1 -1 -1 0 
305 2 498 348 100 283 -1 -1 -1 0 
308 2 473 344 109 278 -1 -1 -1 0 
309 2 478 341 102 277 -1 -1 -1 0 
310 2 474 341 102 276 -1 -1 -1 0 
311 2 487 344 104 250 -1 -1 -1 0 
315 2 481 347 103 280 -1 -1 -1 0 
315 2 484 341 105 250 -1 -1 -1 0 
316 2 479 347 103 281 -1 -1 -1 0 
317 2 493 306 108 312 -1 -1 -1 0 
318 2 485 335 113 285 -1 -1 -1 0 
319 2 487 350 109 267 -1 -1 -1 0 
320 2 497 349 84 249 -1 -1 -1 0 
321 2 503 366 95 245 -1 -1 -1 0 
322 2 484 337 111 270 -1 -1 -1 0 
322 2 503 368 96 244 -1 -1 -1 0 
323 2 484 336 111 269 -1 -1 -1 0 
324 2 489 331 107 278 -1 -1 -1 0 
324 2 493 344 104 268 -1 -1 -1 0 
325 2 494 350 103 287 -1 -1 -1 0 
326 2 494 352 104 288 -1 -1 -1 0 
326 2 492 355 104 265 -1 -1 -1 0 
327 2 496 339 94 291 -1 -1 -1 0 
328 2 496 335 103 284 -1 -1 -1 0 
329 2 497 312 95 324 -1 -1 -1 0 
330 2 505 317 100 304 -1 -1 -1 0 
331 2 506 314 101 307 -1 -1 -1 0 
337 2 500 334 85 306 -1 -1 -1 0 
338 2 492 352 88 284 -1 -1 -1 0 
339 2 480 342 92 280 -1 -1 -1 0 
340 2 485 352 85 252 -1 -1 -1 0 
341 2 466 333 96 263 -1 -1 -1 0 
342 2 454 316 96 266 -1 -1 -1 0 
343 2 449 313 97 264 -1 -1 -1 0 
345 2 384 343 97 262 -1 -1 -1 0 
347 2 358 335 95 284 -1 -1 -1 0 
348 2 359 325 94 292 -1 -1 -1 0 
349 2 371 333 86 285 -1 -1 -1 0 
350 2 367 348 97 283 -1 -1 -1 0 
351 2 355 328 99 276 -1 -1 -1 0 
352 2 344 330 98 271 -1 -1 -1 0 
353 2 335 330 98 267 -1 -1 -1 0 
354 2 323 322 99 276 -1 -1 -1 0 
355 2 321 328 90 272 -1 -1 -1 0 
356 2 313 346 99 269 -1 -1 -1 0 
357 2 315 328 90 281 -1 -1 -1 0 
358 2 336 346 75 274 -1 -1 -1 0 
360 2 336 326 88 279 -1 -1 -1 0 
361 2 353 342 82 247 -1 -1 -1 0 
362 2 358 316 80 257 -1 -1 -1 0 
363 2 358 309 75 258 -1 -1 -1 0 
364 2 361 302 82 264 -1 -1 -1 0 
366 2 373 337 78 265 -1 -1 -1 0 
371 2 359 353 90 249 -1 -1 -1 0 
373 2 364 344 84 245 -1 -1 -1 0 
374 2 363 352 89 242 -1 -1 -1 0 
375 2 368 365 84 232 -1 -1 -1 0 
376 2 363 347 86 258 -1 -1 -1 0 
377 2 365 346 83 257 -1 -1 -1 0 
378 2 365 347 83 257 -1 -1 -1 0 
379 2 362 337 80 277 -1 -1 -1 0 
380 2 371 341 72 281 -1 -1 -1 0 
381 2 369 343 71 281 -1 -1 -1 0 
382 2 370 349 79 261 -1 -1 -1 0 
383 2 372 354 82 265 -1 -1 -1 0 
384 2 373 357 87 243 -1 -1 -1 0 
385 2 380 366 83 228 -1 -1 -1 0 
388 2 399 355 81 257 -1 -1 -1 0 
389 2 406 373 77 248 -1 -1 -1 0 
390 2 399 356 83 264 -1 -1 -1 0 
392 2 389 307 83 263 -1 -1 -1 0 
393 2 381 312 86 261 -1 -1 -1 0 
394 2 380 331 91 254 -1 -1 -1 0 
395 2 388 332 79 248 -1 -1 -1 0 
396 2 389 331 79 248 -1 -1 -1 0 
398 2 386 324 82 254 -1 -1 -1 0 
399 2 385 342 83 263 -1 -1 -1 0 
401 2 395 448 74 168 -1 -1 -1 0 
402 2 386 320 83 274 -1 -1 -1 0 
403 2 393 336 78 260 -1 -1 -1 0 
404 2 391 338 80 253 -1 -1 -1 0 
405 2 393 344 79 246 -1 -1 -1 0 
408 2 410 319 83 254 -1 -1 -1 0 
409 2 423 334 83 251 -1 -1 -1 0 
410 2 436 333 88 251 -1 -1 -1 0 
411 2 449 370 83 237 -1 -1 -1 0 
414 2 451 346 87 263 -1 -1 -1 0 
417 2 459 359 81 214 -1 -1 -1 0 
421 2 463 345 71 248 -1 -1 -1 0 
422 2 466 342 73 253 -1 -1 -1 0 
423 2 469 379 75 223 -1 -1 -1 0 
428 2 460 337 82 235 -1 -1 -1 0 
430 2 454 353 74 246 -1 -1 -1 0 
432 2 430 354 90 248 -1 -1 -1 0 
433 2 429 349 80 270 -1 -1 -1 0 
437 2 419 340 89 241 -1 -1 -1 0 
438 2 426 361 85 222 -1 -1 -1 0 
439 2 431 379 77 208 -1 -1 -1 0 
446 2 400 368 73 226 -1 -1 -1 0 
447 2 389 346 87 243 -1 -1 -1 0 
450 2 395 370 80 219 -1 -1 -1 0 
451 2 398 356 75 240 -1 -1 -1 0 
454 2 394 356 77 241 -1 -1 -1 0 
455 2 401 359 80 263 -1 -1 -1 0 
456 2 403 352 78 263 -1 -1 -1 0 
457 2 397 326 82 249 -1 -1 -1 0 
458 2 400 338 76 249 -1 -1 -1 0 
463 2 403 349 75 240 -1 -1 -1 0 
466 2 422 382 70 207 -1 -1 -1 0 
467 2 423 387 69 202 -1 -1 -1 0 
469 2 414 354 80 228 -1 -1 -1 0 
470 2 427 371 74 250 -1 -1 -1 0 
472 2 444 368 75 237 -1 -1 -1 0 
474 2 448 358 76 265 -1 -1 -1 0 
478 2 451 359 77 268 -1 -1 -1 0 
481 2 480 335 76 243 -1 -1 -1 0 
482 2 486 374 78 207 -1 -1 -1 0 
483 2 493 359 75 232 -1 -1 -1 0 
484 2 503 382 70 206 -1 -1 -1 0 
485 2 496 345 77 247 -1 -1 -1 0 
487 2 501 350 67 264 -1 -1 -1 0 
488 2 506 349 66 268 -1 -1 -1 0 
489 2 495 365 80 236 -1 -1 -1 0 
490 2 506 366 71 207 -1 -1 -1 0 
491 2 503 343 81 228 -1 -1 -1 0 
492 2 517 393 75 191 -1 -1 -1 0 
497 2 537 378 69 208 -1 -1 -1 0 
498 2 542 395 63 216 -1 -1 -1 0 
500 2 533 373 70 230 -1 -1 -1 0 
501 2 530 334 75 233 -1 -1 -1 0 
502 2 535 348 72 224 -1 -1 -1 0 
503 2 535 370 75 199 -1 -1 -1 0 
506 2 546 380 68 202 -1 -1 -1 0 
507 2 547 383 70 201 -1 -1 -1 0 
508 2 544 350 79 242 -1 -1 -1 0 
510 2 550 366 68 237 -1 -1 -1 0 
511 2 543 373 71 215 -1 -1 -1 0 
513 2 535 350 69 244 -1 -1 -1 0 
514 2 517 347 83 224 -1 -1 -1 0 
515 2 515 345 78 226 -1 -1 -1 0 
516 2 524 370 65 220 -1 -1 -1 0 
517 2 513 359 78 247 -1 -1 -1 0 
518 2 518 364 74 242 -1 -1 -1 0 
525 2 489 346 68 226 -1 -1 -1 0 
526 2 480 341 77 229 -1 -1 -1 0 
527 2 474 338 80 231 -1 -1 -1 0 
528 2 458 351 77 234 -1 -1 -1 0 
529 2 456 358 79 216 -1 -1 -1 0 
533 2 443 355 74 219 -1 -1 -1 0 
535 2 440 352 71 230 -1 -1 -1 0 
536 2 429 336 71 238 -1 -1 -1 0 
539 2 405 351 74 256 -1 -1 -1 0 
540 2 413 369 78 223 -1 -1 -1 0 
542 2 429 347 71 244 -1 -1 -1 0 
543 2 418 349 77 231 -1 -1 -1 0 
544 2 424 341 75 227 -1 -1 -1 0 
545 2 419 364 79 217 -1 -1 -1 0 
546 2 424 399 76 198 -1 -1 -1 0 
547 2 435 382 72 232 -1 -1 -1 0 
549 2 430 359 70 233 -1 -1 -1 0 
552 2 448 364 73 235 -1 -1 -1 0 
553 2 454 354 65 263 -1 -1 -1 0 
559 2 485 345 74 241 -1 -1 -1 0 
560 2 491 338 76 265 -1 -1 -1 0 
561 2 507 341 75 242 -1 -1 -1 0 
563 2 517 345 78 264 -1 -1 -1 0 
565 2 527 343 77 259 -1 -1 -1 0 
566 2 529 363 74 223 -1 -1 -1 0 
569 2 541 353 81 218 -1 -1 -1 0 
571 2 547 343 89 228 -1 -1 -1 0 
572 2 557 358 86 228 -1 -1 -1 0 
573 2 562 356 76 245 -1 -1 -1 0 
574 2 554 347 81 251 -1 -1 -1 0 
575 2 537 365 78 220 -1 -1 -1 0 
576 2 527 357 85 221 -1 -1 -1 0 
577 2 524 355 77 219 -1 -1 -1 0 
579 2 513 342 75 218 -1 -1 -1 0 
583 2 511 340 76 217 -1 -1 -1 0 
584 2 448 372 82 232 -1 -1 -1 0 
592 2 440 375 83 233 -1 -1 -1 0 
596 92 377 392 71 221 -1 -1 -1 0 
599 2 415 341 76 247 -1 -1 -1 0 
601 2 406 339 77 249 -1 -1 -1 0 
602 2 450 364 73 229 -1 -1 -1 0 
603 2 441 384 70 202 -1 -1 -1 0 
604 2 438 385 76 249 -1 -1 -1 0 
609 2 425 352 72 228 -1 -1 -1 0 
610 2 414 351 80 228 -1 -1 -1 0 
614 2 396 359 89 207 -1 -1 -1 0 
616 2 432 335 73 235 -1 -1 -1 0 
617 2 441 363 74 212 -1 -1 -1 0 
618 2 442 379 75 212 -1 -1 -1 0 
619 2 438 376 68 193 -1 -1 -1 0 
621 2 441 376 72 211 -1 -1 -1 0 
622 2 442 387 70 190 -1 -1 -1 0 
624 2 439 384 70 198 -1 -1 -1 0 
625 2 427 344 104 243 -1 -1 -1 0 
626 2 434 381 76 209 -1 -1 -1 0 
627 2 428 363 96 248 -1 -1 -1 0 
629 2 416 361 110 257 -1 -1 -1 0 
630 2 429 381 89 229 -1 -1 -1 0 
634 2 435 334 79 245 -1 -1 -1 0 
636 2 443 369 87 204 -1 -1 -1 0 
637 2 441 340 74 246 -1 -1 -1 0 
641 2 436 383 69 212 -1 -1 -1 0 
642 2 434 377 66 234 -1 -1 -1 0 
643 2 436 380 93 212 -1 -1 -1 0 
645 2 440 401 72 186 -1 -1 -1 0 
646 2 434 361 82 211 -1 -1 -1 0 
647 2 445 377 85 195 -1 -1 -1 0 
648 2 438 355 81 215 -1 -1 -1 0 
649 2 449 382 72 216 -1 -1 -1 0 
650 2 450 375 76 214 -1 -1 -1 0 
651 2 437 371 89 226 -1 -1 -1 0 
653 2 450 376 77 216 -1 -1 -1 0 
656 2 436 382 75 207 -1 -1 -1 0 
657 2 440 370 72 226 -1 -1 -1 0 
658 2 439 369 74 228 -1 -1 -1 0 
659 2 428 364 82 201 -1 -1 -1 0 
660 2 427 378 75 185 -1 -1 -1 0 
661 2 425 379 76 183 -1 -1 -1 0 
662 2 430 388 66 190 -1 -1 -1 0 
663 2 426 409 72 191 -1 -1 -1 0 
664 2 420 396 69 202 -1 -1 -1 0 
665 2 426 392 73 208 -1 -1 -1 0 
666 2 418 385 74 213 -1 -1 -1 0 
667 2 416 400 66 186 -1 -1 -1 0 
668 2 408 387 77 183 -1 -1 -1 0 
669 2 405 387 79 182 -1 -1 -1 0 
670 2 388 402 74 182 -1 -1 -1 0 
671 2 368 371 87 219 -1 -1 -1 0 
672 2 359 386 86 196 -1 -1 -1 0 
673 2 363 388 76 207 -1 -1 -1 0 
674 2 358 386 68 209 -1 -1 -1 0 
675 2 357 387 72 239 -1 -1 -1 0 
676 2 340 370 76 242 -1 -1 -1 0 
677 2 329 393 82 216 -1 -1 -1 0 
678 2 294 367 101 253 -1 -1 -1 0 
679 2 298 358 94 216 -1 -1 -1 0 
680 2 289 354 97 219 -1 -1 -1 0 
681 2 284 364 102 184 -1 -1 -1 0 
682 2 276 361 104 183 -1 -1 -1 0 
683 2 292 367 79 222 -1 -1 -1 0 
684 2 311 398 77 212 -1 -1 -1 0 
685 2 317 399 66 244 -1 -1 -1 0 
686 2 296 413 92 231 -1 -1 -1 0 
687 2 297 362 81 242 -1 -1 -1 0 
688 2 285 323 83 254 -1 -1 -1 0 
689 2 289 362 78 211 -1 -1 -1 0 
690 2 298 354 91 190 -1 -1 -1 0 
691 2 293 341 88 206 -1 -1 -1 0 
692 2 303 351 87 210 -1 -1 -1 0 
693 2 307 366 91 194 -1 -1 -1 0 
694 2 316 380 90 191 -1 -1 -1 0 
695 2 327 348 92 240 -1 -1 -1 0 
696 2 352 346 82 235 -1 -1 -1 0 
697 2 361 359 90 204 -1 -1 -1 0 
698 2 365 382 88 198 -1 -1 -1 0 
699 2 355 352 90 239 -1 -1 -1 0 
700 2 360 367 75 207 -1 -1 -1 0 
701 2 358 361 76 196 -1 -1 -1 0 
702 2 378 367 75 192 -1 -1 -1 0 
703 2 407 359 72 186 -1 -1 -1 0 
704 2 407 354 80 236 -1 -1 -1 0 
705 2 409 380 79 224 -1 -1 -1 0 
707 2 401 351 86 244 -1 -1 -1 0 
710 2 430 361 93 252 -1 -1 -1 0 
712 2 448 349 98 257 -1 -1 -1 0 
713 2 453 390 92 190 -1 -1 -1 0 
714 2 487 392 66 189 -1 -1 -1 0 
715 2 487 355 74 221 -1 -1 -1 0 
716 2 480 358 82 233 -1 -1 -1 0 
717 2 488 382 75 217 -1 -1 -1 0 
718 2 494 382 65 194 -1 -1 -1 0 
719 2 489 419 71 197 -1 -1 -1 0 
720 2 494 423 72 198 -1 -1 -1 0 
721 121 445 397 24 81 -1 -1 -1 0 
722 2 493 378 63 221 -1 -1 -1 0 
723 2 486 368 73 191 -1 -1 -1 0 
723 123 132 400 46 106 -1 -1 -1 0 
724 2 489 328 74 217 -1 -1 -1 0 
724 123 143 411 34 104 -1 -1 -1 0 
724 124 432 372 42 111 -1 -1 -1 0 
725 2 491 321 77 220 -1 -1 -1 0 
726 2 486 419 72 193 -1 -1 -1 0 
726 123 126 452 41 110 -1 -1 -1 0 
728 2 490 410 69 195 -1 -1 -1 0 
728 123 124 463 41 111 -1 -1 -1 0 
729 2 474 364 74 231 -1 -1 -1 0 
730 2 473 363 77 236 -1 -1 -1 0 
732 2 460 349 75 210 -1 -1 -1 0 
733 2 462 349 74 207 -1 -1 -1 0 
734 2 467 363 60 185 -1 -1 -1 0 
735 2 463 357 72 193 -1 -1 -1 0 
737 2 462 356 73 193 -1 -1 -1 0 
741 2 439 352 76 218 -1 -1 -1 0 
742 2 424 343 81 241 -1 -1 -1 0 
743 2 418 365 82 216 -1 -1 -1 0 
745 2 413 365 84 218 -1 -1 -1 0 
751 2 404 361 81 248 -1 -1 -1 0 
752 2 399 360 84 253 -1 -1 -1 0 
753 123 228 442 41 100 -1 -1 -1 0 
754 2 388 385 82 217 -1 -1 -1 0 
754 123 215 433 46 103 -1 -1 -1 0 
755 2 383 375 76 217 -1 -1 -1 0 
755 123 210 454 52 102 -1 -1 -1 0 
756 2 385 393 77 204 -1 -1 -1 0 
756 123 205 452 52 110 -1 -1 -1 0 
757 2 388 418 77 176 -1 -1 -1 0 
757 123 185 437 58 112 -1 -1 -1 0 
758 2 375 353 81 208 -1 -1 -1 0 
759 2 372 335 83 217 -1 -1 -1 0 
760 2 377 359 77 221 -1 -1 -1 0 
761 2 370 341 78 245 -1 -1 -1 0 
762 2 367 341 79 245 -1 -1 -1 0 
763 2 368 363 79 230 -1 -1 -1 0 
764 2 365 364 79 231 -1 -1 -1 0 
764 123 111 405 42 115 -1 -1 -1 0 
765 2 363 365 63 225 -1 -1 -1 0 
766 2 357 378 80 228 -1 -1 -1 0 
767 2 363 377 78 209 -1 -1 -1 0 
767 123 113 412 49 125 -1 -1 -1 0 
768 2 362 343 82 229 -1 -1 -1 0 
768 123 98 405 56 127 -1 -1 -1 0 
770 2 346 355 83 225 -1 -1 -1 0 
770 123 94 402 58 129 -1 -1 -1 0 
771 2 351 369 81 234 -1 -1 -1 0 
771 123 73 403 62 128 -1 -1 -1 0 
772 2 353 369 81 218 -1 -1 -1 0 
774 2 359 361 80 228 -1 -1 -1 0 
775 2 358 357 89 225 -1 -1 -1 0 
776 2 371 341 94 243 -1 -1 -1 0 
776 123 71 396 39 126 -1 -1 -1 0 
777 2 364 341 104 220 -1 -1 -1 0 
777 123 82 401 32 124 -1 -1 -1 0 
778 2 383 347 96 238 -1 -1 -1 0 
779 2 399 373 92 205 -1 -1 -1 0 
780 2 410 383 78 207 -1 -1 -1 0 
781 2 409 333 98 248 -1 -1 -1 0 
782 2 411 322 86 258 -1 -1 -1 0 
783 2 426 347 92 237 -1 -1 -1 0 
784 2 431 353 87 242 -1 -1 -1 0 
785 2 435 344 87 241 -1 -1 -1 0 
786 2 454 355 92 227 -1 -1 -1 0 
787 2 464 344 88 224 -1 -1 -1 0 
788 2 475 328 89 245 -1 -1 -1 0 
789 2 485 341 83 240 -1 -1 -1 0 
790 2 493 342 96 264 -1 -1 -1 0 
791 2 501 330 95 247 -1 -1 -1 0 
792 2 498 300 96 270 -1 -1 -1 0 
793 2 522 364 91 241 -1 -1 -1 0 
794 2 513 345 92 235 -1 -1 -1 0 
795 2 512 340 95 232 -1 -1 -1 0 
796 2 518 350 95 241 -1 -1 -1 0 
797 2 518 328 96 242 -1 -1 -1 0 
798 2 519 353 103 242 -1 -1 -1 0 
799 2 524 356 105 237 -1 -1 -1 0 
800 2 538 364 91 225 -1 -1 -1 0 
801 2 531 349 96 252 -1 -1 -1 0 
802 2 521 329 116 230 -1 -1 -1 0 
803 2 538 351 85 245 -1 -1 -1 0 
804 2 547 360 90 229 -1 -1 -1 0 
805 2 551 341 89 284 -1 -1 -1 0 
806 2 550 349 96 227 -1 -1 -1 0 
807 2 545 346 89 245 -1 -1 -1 0 
808 2 541 323 100 244 -1 -1 -1 0 
808 166 295 424 27 69 -1 -1 -1 0 
809 2 541 338 95 241 -1 -1 -1 0 
809 166 282 415 27 69 -1 -1 -1 0 
810 2 528 358 99 223 -1 -1 -1 0 
810 166 273 411 28 71 -1 -1 -1 0 
811 2 520 381 103 204 -1 -1 -1 0 
812 2 526 331 89 238 -1 -1 -1 0 
813 2 524 346 89 241 -1 -1 -1 0 
814 2 515 353 99 222 -1 -1 -1 0 
814 172 282 438 25 63 -1 -1 -1 0 
815 2 516 346 93 251 -1 -1 -1 0 
816 2 511 320 93 243 -1 -1 -1 0 
817 2 513 346 82 234 -1 -1 -1 0 
818 2 503 346 98 226 -1 -1 -1 0 
818 166 220 421 26 63 -1 -1 -1 0 
818 172 255 424 25 65 -1 -1 -1 0 
819 2 507 348 91 232 -1 -1 -1 0 
820 2 503 347 94 232 -1 -1 -1 0 
820 172 253 415 25 63 -1 -1 -1 0 
821 2 513 334 87 222 -1 -1 -1 0 
821 172 250 413 24 62 -1 -1 -1 0 
822 2 520 311 102 270 -1 -1 -1 0 
823 2 527 353 92 229 -1 -1 -1 0 
825 2 521 284 100 300 -1 -1 -1 0 
826 2 529 334 99 236 -1 -1 -1 0 
827 2 537 317 95 274 -1 -1 -1 0 
828 2 536 341 97 256 -1 -1 -1 0 
829 2 542 325 95 251 -1 -1 -1 0 
829 183 17 409 52 137 -1 -1 -1 0 
830 2 550 332 78 241 -1 -1 -1 0 
830 183 15 402 47 140 -1 -1 -1 0 
831 2 545 304 99 275 -1 -1 -1 0 
831 183 6 410 47 135 -1 -1 -1 0 
831 184 465 402 25 72 -1 -1 -1 0 
832 2 536 338 98 230 -1 -1 -1 0 
832 183 1 415 41 143 -1 -1 -1 0 
832 184 466 412 23 68 -1 -1 -1 0 
833 2 536 275 98 282 -1 -1 -1 0 
834 2 539 334 99 236 -1 -1 -1 0 
835 2 544 359 92 214 -1 -1 -1 0 
836 2 551 348 97 223 -1 -1 -1 0 
837 2 547 375 101 190 -1 -1 -1 0 
838 2 551 318 105 233 -1 -1 -1 0 
840 2 558 332 101 252 -1 -1 -1 0 
841 2 543 331 106 239 -1 -1 -1 0 
841 184 447 409 27 78 -1 -1 -1 0 
842 2 538 340 95 231 -1 -1 -1 0 
842 184 437 395 28 85 -1 -1 -1 0 
843 2 538 307 99 256 -1 -1 -1 0 
844 2 531 320 95 238 -1 -1 -1 0 
845 2 515 370 95 208 -1 -1 -1 0 
846 2 518 330 100 250 -1 -1 -1 0 
848 2 519 341 104 263 -1 -1 -1 0 
849 2 505 332 103 272 -1 -1 -1 0 
850 2 500 335 105 267 -1 -1 -1 0 
851 2 509 347 92 240 -1 -1 -1 0 
852 2 507 342 99 256 -1 -1 -1 0 
853 2 501 375 103 234 -1 -1 -1 0 
854 2 503 390 91 186 -1 -1 -1 0 
855 2 499 359 99 219 -1 -1 -1 0 
857 2 517 367 105 230 -1 -1 -1 0 
859 2 520 346 102 250 -1 -1 -1 0 
861 2 501 340 108 252 -1 -1 -1 0 
862 2 498 333 95 272 -1 -1 -1 0 
863 2 490 350 101 249 -1 -1 -1 0 
865 2 452 329 105 257 -1 -1 -1 0 
866 2 454 356 102 246 -1 -1 -1 0 
882 2 447 357 104 248 -1 -1 -1 0 
892 2 683 334 106 261 -1 -1 -1 0 
893 2 672 339 109 257 -1 -1 -1 0 
894 2 676 326 126 253 -1 -1 -1 0 
895 2 696 335 124 257 -1 -1 -1 0 
896 2 700 336 124 255 -1 -1 -1 0 
898 2 724 350 138 277 -1 -1 -1 0 
899 2 753 343 131 291 -1 -1 -1 0 
899 208 78 411 34 110 -1 -1 -1 0 
900 2 770 347 128 288 -1 -1 -1 0 
900 208 71 416 36 103 -1 -1 -1 0 
901 2 775 354 142 289 -1 -1 -1 0 
902 2 824 344 120 243 -1 -1 -1 0 
903 2 828 344 136 242 -1 -1 -1 0 
904 2 841 344 137 240 -1 -1 -1 0 
905 211 242 380 39 113 -1 -1 -1 0 
906 2 892 336 134 263 -1 -1 -1 0 
907 2 919 322 152 265 -1 -1 -1 0 
908 2 936 319 143 266 -1 -1 -1 0 
908 211 268 345 36 112 -1 -1 -1 0 
909 211 284 343 40 110 -1 -1 -1 0 
911 211 292 336 40 110 -1 -1 -1 0 
914 222 167 364 41 112 -1 -1 -1 0 
917 222 170 359 43 116 -1 -1 -1 0 
919 222 194 404 30 95 -1 -1 -1 0 
920 222 199 407 32 96 -1 -1 -1 0 
921 222 192 406 38 106 -1 -1 -1 0 
922 211 359 374 32 112 -1 -1 -1 0 
922 222 197 412 38 106 -1 -1 -1 0 
923 211 360 373 32 108 -1 -1 -1 0 
924 211 369 386 35 104 -1 -1 -1 0 
925 211 386 391 38 105 -1 -1 -1 0 
926 211 401 390 35 110 -1 -1 -1 0 
926 236 4 377 52 126 -1 -1 -1 0 
928 211 407 371 33 113 -1 -1 -1 0 
928 222 232 380 33 117 -1 -1 -1 0 
928 236 16 359 54 147 -1 -1 -1 0 
929 211 413 381 35 116 -1 -1 -1 0 
929 222 239 405 30 103 -1 -1 -1 0 
929 236 22 359 52 140 -1 -1 -1 0 
929 239 84 429 38 71 -1 -1 -1 0 
930 211 421 381 36 118 -1 -1 -1 0 
930 222 234 392 34 112 -1 -1 -1 0 
930 236 27 367 51 144 -1 -1 -1 0 
930 239 87 426 36 85 -1 -1 -1 0 
931 222 238 393 35 113 -1 -1 -1 0 
932 211 369 350 43 126 -1 -1 -1 0 
932 236 36 410 39 86 -1 -1 -1 0 
933 211 363 365 45 117 -1 -1 -1 0 
933 236 33 402 40 94 -1 -1 -1 0 
934 211 369 386 37 106 -1 -1 -1 0 
934 236 37 406 39 91 -1 -1 -1 0 
936 211 371 388 37 105 -1 -1 -1 0 
938 211 381 370 34 115 -1 -1 -1 0 
939 211 384 357 44 123 -1 -1 -1 0 
941 211 386 356 46 124 -1 -1 -1 0 
944 211 393 363 44 122 -1 -1 -1 0 
945 211 409 370 35 121 -1 -1 -1 0 
946 211 413 371 35 121 -1 -1 -1 0 
946 222 233 382 41 120 -1 -1 -1 0 
946 239 67 403 41 97 -1 -1 -1 0 
946 258 536 387 25 84 -1 -1 -1 0 
947 222 227 373 46 129 -1 -1 -1 0 
948 222 245 397 35 101 -1 -1 -1 0 
949 211 448 369 36 117 -1 -1 -1 0 
949 222 259 365 37 132 -1 -1 -1 0 
951 211 454 370 37 116 -1 -1 -1 0 
952 222 292 371 35 139 -1 -1 -1 0 
953 222 294 370 38 121 -1 -1 -1 0 
954 211 477 332 45 136 -1 -1 -1 0 
954 222 300 368 38 123 -1 -1 -1 0 
955 211 461 354 53 127 -1 -1 -1 0 
955 265 592 362 27 93 -1 -1 -1 0 
955 266 36 362 62 138 -1 -1 -1 0 
956 211 466 354 53 127 -1 -1 -1 0 
956 222 265 361 42 129 -1 -1 -1 0 
956 265 588 373 24 85 -1 -1 -1 0 
958 211 453 359 37 128 -1 -1 -1 0 
958 222 266 358 43 132 -1 -1 -1 0 
959 211 435 367 49 126 -1 -1 -1 0 
959 266 0 349 52 153 -1 -1 -1 0 
960 211 427 368 46 120 -1 -1 -1 0 
960 266 0 350 41 155 -1 -1 -1 0 
961 211 421 353 44 128 -1 -1 -1 0 
961 222 226 368 40 139 -1 -1 -1 0 
961 265 548 362 22 103 -1 -1 -1 0 
962 211 402 362 52 130 -1 -1 -1 0 
962 222 212 377 41 138 -1 -1 -1 0 
962 265 539 364 23 104 -1 -1 -1 0 
964 211 397 363 54 131 -1 -1 -1 0 
964 222 181 401 46 125 -1 -1 -1 0 
965 222 176 417 38 104 -1 -1 -1 0 
965 265 496 368 25 96 -1 -1 -1 0 
966 222 167 422 38 101 -1 -1 -1 0 
968 211 380 373 44 125 -1 -1 -1 0 
969 211 376 375 44 124 -1 -1 -1 0 
969 265 507 366 29 96 -1 -1 -1 0 
969 278 448 373 32 95 -1 -1 -1 0 
970 211 398 368 46 126 -1 -1 -1 0 
970 265 503 367 29 95 -1 -1 -1 0 
970 278 455 381 31 92 -1 -1 -1 0 
970 279 310 365 45 131 -1 -1 -1 0 
971 211 398 377 47 124 -1 -1 -1 0 
971 278 461 382 30 91 -1 -1 -1 0 
971 279 315 367 41 134 -1 -1 -1 0 
972 211 400 352 46 139 -1 -1 -1 0 
972 258 523 368 25 102 -1 -1 -1 0 
972 278 458 381 33 89 -1 -1 -1 0 
972 279 310 349 48 146 -1 -1 -1 0 
973 211 399 350 47 141 -1 -1 -1 0 
973 258 520 368 28 107 -1 -1 -1 0 
973 278 460 383 30 95 -1 -1 -1 0 
974 258 519 364 34 104 -1 -1 -1 0 
974 278 456 377 33 95 -1 -1 -1 0 
974 279 307 363 51 134 -1 -1 -1 0 
975 211 394 371 53 131 -1 -1 -1 0 
975 258 521 365 29 104 -1 -1 -1 0 
975 278 455 383 34 96 -1 -1 -1 0 
975 279 310 361 49 152 -1 -1 -1 0 
976 211 397 367 41 122 -1 -1 -1 0 
976 222 185 377 42 140 -1 -1 -1 0 
976 258 521 371 25 101 -1 -1 -1 0 
976 278 457 373 29 91 -1 -1 -1 0 
976 279 304 350 50 154 -1 -1 -1 0 
977 211 395 353 45 135 -1 -1 -1 0 
977 222 187 393 39 131 -1 -1 -1 0 
977 258 522 382 23 85 -1 -1 -1 0 
977 278 459 372 28 90 -1 -1 -1 0 
978 211 385 364 52 147 -1 -1 -1 0 
978 222 176 378 48 149 -1 -1 -1 0 
978 258 515 359 28 108 -1 -1 -1 0 
978 278 453 381 29 96 -1 -1 -1 0 
978 279 304 368 48 145 -1 -1 -1 0 
979 211 364 358 66 143 -1 -1 -1 0 
979 222 164 379 44 148 -1 -1 -1 0 
979 258 513 357 30 110 -1 -1 -1 0 
979 278 453 381 30 97 -1 -1 -1 0 
980 211 339 359 61 144 -1 -1 -1 0 
980 222 125 371 52 150 -1 -1 -1 0 
980 265 470 370 38 99 -1 -1 -1 0 
980 278 405 369 43 104 -1 -1 -1 0 
980 279 255 361 51 149 -1 -1 -1 0 
981 211 334 401 42 108 -1 -1 -1 0 
981 222 111 394 43 142 -1 -1 -1 0 
981 265 466 370 40 100 -1 -1 -1 0 
982 211 327 406 42 105 -1 -1 -1 0 
982 222 103 395 44 144 -1 -1 -1 0 
982 279 198 373 50 138 -1 -1 -1 0 
983 279 157 360 64 140 -1 -1 -1 0 
984 279 144 371 55 144 -1 -1 -1 0 
985 278 284 366 33 108 -1 -1 -1 0 
985 279 122 352 67 154 -1 -1 -1 0 
986 258 348 354 31 111 -1 -1 -1 0 
986 278 270 364 39 108 -1 -1 -1 0 
986 279 113 352 57 148 -1 -1 -1 0 
987 258 333 353 32 111 -1 -1 -1 0 
988 258 326 368 30 107 -1 -1 -1 0 
988 279 88 344 62 163 -1 -1 -1 0 
989 258 299 349 36 108 -1 -1 -1 0 
989 278 224 354 39 97 -1 -1 -1 0 
989 279 68 348 59 147 -1 -1 -1 0 
990 258 284 368 29 105 -1 -1 -1 0 
990 278 206 369 37 107 -1 -1 -1 0 
990 279 34 355 73 155 -1 -1 -1 0 
991 258 249 367 39 113 -1 -1 -1 0 
991 278 173 368 43 111 -1 -1 -1 0 
991 279 6 350 69 156 -1 -1 -1 0 
992 211 89 354 61 140 -1 -1 -1 0 
992 258 219 351 43 113 -1 -1 -1 0 
992 278 137 360 48 114 -1 -1 -1 0 
992 279 0 352 38 154 -1 -1 -1 0 
993 211 74 339 60 153 -1 -1 -1 0 
993 258 199 340 46 114 -1 -1 -1 0 
993 278 123 344 43 118 -1 -1 -1 0 
994 211 79 346 57 141 -1 -1 -1 0 
994 258 206 339 35 117 -1 -1 -1 0 
994 278 132 351 39 118 -1 -1 -1 0 
995 211 86 345 61 144 -1 -1 -1 0 
995 258 218 344 29 119 -1 -1 -1 0 
995 278 140 355 39 113 -1 -1 -1 0 
996 211 97 343 61 155 -1 -1 -1 0 
996 258 207 343 29 120 -1 -1 -1 0 
997 211 85 334 64 150 -1 -1 -1 0 
997 278 140 346 43 113 -1 -1 -1 0 
998 211 82 331 65 152 -1 -1 -1 0 
999 211 59 331 62 145 -1 -1 -1 0 
999 258 199 326 36 121 -1 -1 -1 0 
999 278 112 328 43 126 -1 -1 -1 0 
1000 211 57 331 55 145 -1 -1 -1 0 
1000 258 183 324 47 115 -1 -1 -1 0 
1000 278 101 325 47 119 -1 -1 -1 0 
1001 211 60 328 61 151 -1 -1 -1 0 
1001 258 190 330 39 119 -1 -1 -1 0 
1001 278 112 335 46 120 -1 -1 -1 0 
1002 211 79 330 58 150 -1 -1 -1 0 
1002 258 211 337 40 120 -1 -1 -1 0 
1002 278 132 343 45 113 -1 -1 -1 0 
1003 211 79 328 59 151 -1 -1 -1 0 
1003 258 208 337 41 121 -1 -1 -1 0 
1003 278 126 343 53 143 -1 -1 -1 0 
1004 278 123 342 55 148 -1 -1 -1 0 
1007 305 255 334 54 147 -1 -1 -1 0 
1008 305 256 338 57 145 -1 -1 -1 0 
1008 308 387 338 38 121 -1 -1 -1 0 
1009 305 258 353 58 136 -1 -1 -1 0 
1009 308 392 351 35 120 -1 -1 -1 0 
1009 309 138 341 52 152 -1 -1 -1 0 
1010 222 13 335 55 170 -1 -1 -1 0 
1010 305 306 355 47 123 -1 -1 -1 0 
1010 308 390 354 36 120 -1 -1 -1 0 
1010 309 138 338 55 151 -1 -1 -1 0 
1011 222 10 333 55 170 -1 -1 -1 0 
1011 305 315 343 45 117 -1 -1 -1 0 
1011 308 392 334 43 118 -1 -1 -1 0 
1011 309 138 325 54 161 -1 -1 -1 0 
1012 305 336 357 42 116 -1 -1 -1 0 
1012 308 414 357 36 125 -1 -1 -1 0 
1012 309 155 338 58 160 -1 -1 -1 0 
1012 311 273 349 66 147 -1 -1 -1 0 
1013 305 351 360 40 113 -1 -1 -1 0 
1014 311 362 348 50 147 -1 -1 -1 0 
1015 305 443 349 42 127 -1 -1 -1 0 
1015 311 399 351 47 152 -1 -1 -1 0 
1015 312 274 344 57 154 -1 -1 -1 0 
1016 305 461 347 42 120 -1 -1 -1 0 
1016 308 537 341 37 123 -1 -1 -1 0 
1016 311 401 341 63 152 -1 -1 -1 0 
1016 312 288 329 57 154 -1 -1 -1 0 
1017 305 476 359 42 117 -1 -1 -1 0 
1017 308 556 355 37 123 -1 -1 -1 0 
1017 311 417 347 62 148 -1 -1 -1 0 
1017 312 299 338 61 152 -1 -1 -1 0 
1017 314 181 350 56 159 -1 -1 -1 0 
1018 305 485 359 36 118 -1 -1 -1 0 
1018 308 573 358 39 123 -1 -1 -1 0 
1018 311 419 351 67 148 -1 -1 -1 0 
1018 312 308 341 63 155 -1 -1 -1 0 
1019 305 488 364 38 118 -1 -1 -1 0 
1019 311 439 352 69 149 -1 -1 -1 0 
1019 312 308 345 72 154 -1 -1 -1 0 
1020 305 505 365 37 119 -1 -1 -1 0 
1020 311 431 346 62 144 -1 -1 -1 0 
1021 305 497 366 39 112 -1 -1 -1 0 
1021 308 578 345 41 139 -1 -1 -1 0 
1021 309 326 354 53 153 -1 -1 -1 0 
1021 311 430 359 72 147 -1 -1 -1 0 
1021 312 339 334 53 154 -1 -1 -1 0 
1022 305 496 362 40 116 -1 -1 -1 0 
1022 308 574 335 43 151 -1 -1 -1 0 
1022 309 332 349 46 153 -1 -1 -1 0 
1022 311 439 353 59 152 -1 -1 -1 0 
1023 305 509 363 41 116 -1 -1 -1 0 
1023 308 586 335 44 153 -1 -1 -1 0 
1023 309 316 351 55 155 -1 -1 -1 0 
1023 311 448 349 42 154 -1 -1 -1 0 
1024 309 317 349 45 164 -1 -1 -1 0 
1024 311 435 366 45 150 -1 -1 -1 0 
1024 315 178 350 54 170 -1 -1 -1 0 
1025 309 308 340 44 161 -1 -1 -1 0 
1025 311 424 345 46 153 -1 -1 -1 0 
1025 315 166 390 58 133 -1 -1 -1 0 
1026 305 467 352 43 117 -1 -1 -1 0 
1026 308 551 341 38 134 -1 -1 -1 0 
1026 309 304 345 43 160 -1 -1 -1 0 
1026 311 409 348 62 149 -1 -1 -1 0 
1026 315 165 381 56 143 -1 -1 -1 0 
1027 305 457 360 44 118 -1 -1 -1 0 
1027 308 542 346 39 133 -1 -1 -1 0 
1027 309 291 340 49 170 -1 -1 -1 0 
1027 311 402 354 61 149 -1 -1 -1 0 
1027 315 158 352 55 165 -1 -1 -1 0 
1028 305 460 356 37 118 -1 -1 -1 0 
1028 308 545 347 39 132 -1 -1 -1 0 
1028 309 285 342 48 162 -1 -1 -1 0 
1028 311 406 351 56 150 -1 -1 -1 0 
1028 315 152 354 56 168 -1 -1 -1 0 
1029 305 459 363 37 111 -1 -1 -1 0 
1029 308 540 348 42 132 -1 -1 -1 0 
1029 309 284 349 50 161 -1 -1 -1 0 
1029 311 396 355 65 149 -1 -1 -1 0 
1029 315 158 361 52 169 -1 -1 -1 0 
1030 305 467 356 37 106 -1 -1 -1 0 
1030 308 545 340 42 135 -1 -1 -1 0 
1030 309 293 351 49 161 -1 -1 -1 0 
1030 311 404 357 62 148 -1 -1 -1 0 
1030 315 167 364 59 171 -1 -1 -1 0 
1030 319 268 360 45 149 -1 -1 -1 0 
1031 305 469 364 39 111 -1 -1 -1 0 
1031 308 547 341 41 137 -1 -1 -1 0 
1031 309 296 359 51 161 -1 -1 -1 0 
1031 311 412 355 58 158 -1 -1 -1 0 
1031 315 167 367 57 169 -1 -1 -1 0 
1031 319 269 361 38 153 -1 -1 -1 0 
1032 305 469 367 40 114 -1 -1 -1 0 
1032 308 550 354 39 134 -1 -1 -1 0 
1032 309 298 352 47 162 -1 -1 -1 0 
1032 311 404 360 68 146 -1 -1 -1 0 
1032 315 165 357 52 169 -1 -1 -1 0 
1032 319 266 350 39 156 -1 -1 -1 0 
1033 305 469 363 41 115 -1 -1 -1 0 
1033 308 551 341 40 143 -1 -1 -1 0 
1033 309 297 352 48 159 -1 -1 -1 0 
1033 311 405 350 63 154 -1 -1 -1 0 
1033 315 169 369 48 162 -1 -1 -1 0 
1033 319 265 354 40 152 -1 -1 -1 0 
1034 305 469 355 41 123 -1 -1 -1 0 
1034 308 555 341 39 140 -1 -1 -1 0 
1034 309 300 365 49 158 -1 -1 -1 0 
1034 311 426 358 45 142 -1 -1 -1 0 
1034 315 169 380 54 166 -1 -1 -1 0 
1034 319 267 365 47 158 -1 -1 -1 0 
1035 305 465 367 35 124 -1 -1 -1 0 
1035 308 550 363 36 129 -1 -1 -1 0 
1035 309 291 358 51 162 -1 -1 -1 0 
1035 311 430 358 44 142 -1 -1 -1 0 
1035 315 156 372 56 170 -1 -1 -1 0 
1036 305 464 380 42 116 -1 -1 -1 0 
1036 308 548 366 37 132 -1 -1 -1 0 
1036 309 291 366 51 160 -1 -1 -1 0 
1036 311 404 372 61 152 -1 -1 -1 0 
1036 315 159 374 56 169 -1 -1 -1 0 
1036 319 256 368 42 157 -1 -1 -1 0 
1037 305 465 372 40 107 -1 -1 -1 0 
1037 308 549 368 38 132 -1 -1 -1 0 
1037 309 279 350 63 168 -1 -1 -1 0 
1037 311 403 357 61 149 -1 -1 -1 0 
1038 305 445 373 49 122 -1 -1 -1 0 
1038 308 540 359 38 133 -1 -1 -1 0 
1038 309 264 368 65 164 -1 -1 -1 0 
1038 311 388 369 69 148 -1 -1 -1 0 
1038 315 142 382 58 171 -1 -1 -1 0 
1038 319 237 373 48 157 -1 -1 -1 0 
1039 305 436 374 45 123 -1 -1 -1 0 
1039 308 522 364 37 129 -1 -1 -1 0 
1039 309 248 365 64 165 -1 -1 -1 0 
1039 311 377 371 63 148 -1 -1 -1 0 
1039 315 129 379 58 172 -1 -1 -1 0 
1039 319 221 368 47 158 -1 -1 -1 0 
1040 305 437 368 45 123 -1 -1 -1 0 
1040 308 523 355 39 131 -1 -1 -1 0 
1040 309 250 368 67 158 -1 -1 -1 0 
1040 311 385 368 58 146 -1 -1 -1 0 
1040 315 129 384 57 171 -1 -1 -1 0 
1040 319 218 371 51 157 -1 -1 -1 0 
1041 305 439 371 47 122 -1 -1 -1 0 
1041 308 527 356 39 134 -1 -1 -1 0 
1041 309 257 367 71 165 -1 -1 -1 0 
1041 311 384 372 60 145 -1 -1 -1 0 
1041 315 134 384 60 170 -1 -1 -1 0 
1041 319 214 370 60 159 -1 -1 -1 0 
1042 305 447 373 44 121 -1 -1 -1 0 
1042 308 533 353 39 135 -1 -1 -1 0 
1042 309 268 364 69 166 -1 -1 -1 0 
1042 311 389 368 67 149 -1 -1 -1 0 
1042 315 140 384 59 170 -1 -1 -1 0 
1042 319 228 368 56 160 -1 -1 -1 0 
1043 305 448 367 46 123 -1 -1 -1 0 
1043 308 536 352 41 133 -1 -1 -1 0 
1043 309 268 364 70 166 -1 -1 -1 0 
1043 311 389 366 68 152 -1 -1 -1 0 
1043 315 143 389 55 167 -1 -1 -1 0 
1043 319 222 368 61 162 -1 -1 -1 0 
1044 305 447 374 47 125 -1 -1 -1 0 
1044 308 534 355 45 137 -1 -1 -1 0 
1044 309 274 374 64 164 -1 -1 -1 0 
1044 311 393 374 66 152 -1 -1 -1 0 
1044 315 148 390 49 170 -1 -1 -1 0 
1044 319 225 374 64 164 -1 -1 -1 0 
1045 305 447 371 45 126 -1 -1 -1 0 
1045 308 530 358 42 138 -1 -1 -1 0 
1045 309 270 373 63 165 -1 -1 -1 0 
1045 311 388 371 60 137 -1 -1 -1 0 
1045 315 138 392 59 170 -1 -1 -1 0 
1045 319 215 372 62 165 -1 -1 -1 0 
1046 305 437 369 43 127 -1 -1 -1 0 
1046 308 520 355 44 135 -1 -1 -1 0 
1046 309 262 374 62 166 -1 -1 -1 0 
1046 311 380 373 60 144 -1 -1 -1 0 
1046 315 134 397 56 170 -1 -1 -1 0 
1046 319 206 377 69 163 -1 -1 -1 0 
1047 305 424 371 47 127 -1 -1 -1 0 
1047 308 510 353 44 136 -1 -1 -1 0 
1047 309 256 372 62 165 -1 -1 -1 0 
1047 311 371 372 62 148 -1 -1 -1 0 
1047 315 120 394 59 170 -1 -1 -1 0 
1047 319 194 372 66 164 -1 -1 -1 0 
1048 305 420 366 46 128 -1 -1 -1 0 
1048 308 507 349 42 136 -1 -1 -1 0 
1048 309 246 370 68 166 -1 -1 -1 0 
1048 311 363 367 67 146 -1 -1 -1 0 
1048 315 117 396 58 170 -1 -1 -1 0 
1048 319 191 375 63 164 -1 -1 -1 0 
1049 305 415 368 52 125 -1 -1 -1 0 
1049 308 508 350 40 136 -1 -1 -1 0 
1049 309 242 371 71 167 -1 -1 -1 0 
1049 311 363 370 68 145 -1 -1 -1 0 
1049 315 117 394 56 171 -1 -1 -1 0 
1049 319 188 374 65 163 -1 -1 -1 0 
1050 305 423 367 45 124 -1 -1 -1 0 
1050 308 509 350 41 137 -1 -1 -1 0 
1050 309 254 370 63 165 -1 -1 -1 0 
1050 311 367 368 66 151 -1 -1 -1 0 
1050 315 121 394 56 171 -1 -1 -1 0 
1050 319 193 374 64 163 -1 -1 -1 0 
1051 305 427 365 46 125 -1 -1 -1 0 
1051 308 515 345 40 139 -1 -1 -1 0 
1051 309 261 370 59 165 -1 -1 -1 0 
1051 311 370 367 70 152 -1 -1 -1 0 
1051 315 124 395 56 170 -1 -1 -1 0 
1051 319 202 373 59 163 -1 -1 -1 0 
1052 305 429 365 46 125 -1 -1 -1 0 
1052 308 518 343 39 140 -1 -1 -1 0 
1052 309 262 369 58 166 -1 -1 -1 0 
1052 311 371 366 70 152 -1 -1 -1 0 
1052 315 127 393 54 170 -1 -1 -1 0 
1052 319 200 373 61 164 -1 -1 -1 0 
1053 305 427 364 48 127 -1 -1 -1 0 
1053 308 517 344 40 141 -1 -1 -1 0 
1053 309 269 369 51 164 -1 -1 -1 0 
1053 311 370 366 69 150 -1 -1 -1 0 
1053 315 127 394 55 169 -1 -1 -1 0 
1053 319 200 371 62 166 -1 -1 -1 0 
1054 305 427 365 46 125 -1 -1 -1 0 
1054 308 517 342 38 140 -1 -1 -1 0 
1054 309 268 369 49 163 -1 -1 -1 0 
1054 311 370 365 69 150 -1 -1 -1 0 
1054 315 124 393 56 169 -1 -1 -1 0 
1054 319 198 372 62 166 -1 -1 -1 0 
1055 305 423 365 46 124 -1 -1 -1 0 
1055 308 510 343 41 139 -1 -1 -1 0 
1055 309 264 369 52 163 -1 -1 -1 0 
1055 311 369 365 65 148 -1 -1 -1 0 
1055 315 122 392 56 171 -1 -1 -1 0 
1055 319 195 371 61 167 -1 -1 -1 0 
1056 305 417 364 46 123 -1 -1 -1 0 
1056 308 506 344 40 139 -1 -1 -1 0 
1056 309 257 370 53 163 -1 -1 -1 0 
1056 311 368 366 58 138 -1 -1 -1 0 
1056 315 113 392 57 170 -1 -1 -1 0 
1056 319 188 370 62 165 -1 -1 -1 0 
