3 3 538 400 45 108 -1 -1 -1 0 
4 3 533 409 37 88 -1 -1 -1 0 
13 18 92 335 56 148 -1 -1 -1 0 
14 18 85 347 56 146 -1 -1 -1 0 
28 28 756 412 66 165 -1 -1 -1 0 
29 28 739 419 56 165 -1 -1 -1 0 
29 30 624 472 42 113 -1 -1 -1 0 
30 28 733 414 60 168 -1 -1 -1 0 
30 30 623 465 39 114 -1 -1 -1 0 
31 28 740 408 64 183 -1 -1 -1 0 
31 30 635 466 37 119 -1 -1 -1 0 
32 28 772 415 69 176 -1 -1 -1 0 
32 30 632 466 37 122 -1 -1 -1 0 
33 28 827 413 72 189 -1 -1 -1 0 
34 28 887 424 69 175 -1 -1 -1 0 
35 28 942 419 72 173 -1 -1 -1 0 
35 30 829 479 48 109 -1 -1 -1 0 
36 28 972 420 90 183 -1 -1 -1 0 
45 28 994 422 85 185 -1 -1 -1 0 
46 18 5 363 75 105 -1 -1 -1 0 
47 18 17 343 56 144 -1 -1 -1 0 
48 18 28 338 54 161 -1 -1 -1 0 
49 18 43 346 63 159 -1 -1 -1 0 
50 18 42 345 66 164 -1 -1 -1 0 
56 18 286 368 57 157 -1 -1 -1 0 
57 18 285 377 59 168 -1 -1 -1 0 
58 18 297 388 55 157 -1 -1 -1 0 
59 18 296 376 64 163 -1 -1 -1 0 
60 18 314 383 53 166 -1 -1 -1 0 
61 18 294 372 61 161 -1 -1 -1 0 
62 18 301 401 52 158 -1 -1 -1 0 
63 18 270 386 56 162 -1 -1 -1 0 
64 18 257 407 68 159 -1 -1 -1 0 
65 18 230 369 73 152 -1 -1 -1 0 
66 18 226 374 66 167 -1 -1 -1 0 
67 18 240 403 59 161 -1 -1 -1 0 
68 18 228 392 68 166 -1 -1 -1 0 
69 18 230 395 62 163 -1 -1 -1 0 
70 18 237 397 58 140 -1 -1 -1 0 
71 18 257 406 61 161 -1 -1 -1 0 
72 18 280 371 65 171 -1 -1 -1 0 
73 18 283 369 66 175 -1 -1 -1 0 
79 18 547 396 60 169 -1 -1 -1 0 
80 18 548 410 66 163 -1 -1 -1 0 
81 18 561 400 59 172 -1 -1 -1 0 
82 18 567 404 65 173 -1 -1 -1 0 
83 18 586 353 68 194 -1 -1 -1 0 
84 18 566 340 82 200 -1 -1 -1 0 
85 18 539 372 67 183 -1 -1 -1 0 
86 18 518 380 64 186 -1 -1 -1 0 
87 18 471 391 79 184 -1 -1 -1 0 
88 18 438 384 66 192 -1 -1 -1 0 
89 18 389 400 68 175 -1 -1 -1 0 
90 18 359 389 72 190 -1 -1 -1 0 
91 18 343 401 69 181 -1 -1 -1 0 
92 18 320 403 73 192 -1 -1 -1 0 
93 18 312 405 74 195 -1 -1 -1 0 
94 18 283 395 86 188 -1 -1 -1 0 
95 18 279 415 78 192 -1 -1 -1 0 
96 18 270 419 79 193 -1 -1 -1 0 
97 18 229 417 77 193 -1 -1 -1 0 
98 18 203 412 79 191 -1 -1 -1 0 
99 18 186 414 80 191 -1 -1 -1 0 
100 18 177 423 86 201 -1 -1 -1 0 
101 18 164 438 90 197 -1 -1 -1 0 
102 18 129 401 100 212 -1 -1 -1 0 
103 18 111 401 104 215 -1 -1 -1 0 
104 18 115 435 94 206 -1 -1 -1 0 
105 18 98 439 96 204 -1 -1 -1 0 
106 18 85 442 85 202 -1 -1 -1 0 
107 18 61 443 100 215 -1 -1 -1 0 
108 18 45 446 102 218 -1 -1 -1 0 
109 18 28 434 91 215 -1 -1 -1 0 
110 18 14 424 87 222 -1 -1 -1 0 
111 18 0 436 82 220 -1 -1 -1 0 
112 18 0 438 66 221 -1 -1 -1 0 
113 18 0 462 45 195 -1 -1 -1 0 
114 18 0 473 23 178 -1 -1 -1 0 
115 18 0 478 7 174 -1 -1 -1 0 
119 18 0 398 70 242 -1 -1 -1 0 
120 18 0 395 81 243 -1 -1 -1 0 
121 18 11 400 89 246 -1 -1 -1 0 
122 18 22 387 96 248 -1 -1 -1 0 
123 18 48 370 89 249 -1 -1 -1 0 
124 18 74 398 96 245 -1 -1 -1 0 
125 18 80 399 89 251 -1 -1 -1 0 
126 18 80 389 90 259 -1 -1 -1 0 
127 18 70 387 92 264 -1 -1 -1 0 
128 18 68 399 92 265 -1 -1 -1 0 
129 18 42 394 99 271 -1 -1 -1 0 
130 18 7 387 108 278 -1 -1 -1 0 
131 18 3 379 97 298 -1 -1 -1 0 
132 18 1 421 89 279 -1 -1 -1 0 
133 18 6 433 63 272 -1 -1 -1 0 
134 18 5 478 39 231 -1 -1 -1 0 
178 18 1 486 34 229 -1 -1 -1 0 
286 64 504 410 30 77 -1 -1 -1 0 
287 64 504 414 28 74 -1 -1 -1 0 
289 64 512 415 31 81 -1 -1 -1 0 
290 64 513 417 33 83 -1 -1 -1 0 
307 64 606 378 45 98 -1 -1 -1 0 
307 72 791 392 15 52 -1 -1 -1 0 
309 64 615 375 47 100 -1 -1 -1 0 
316 64 603 379 39 125 -1 -1 -1 0 
317 64 603 369 47 131 -1 -1 -1 0 
318 64 598 386 41 128 -1 -1 -1 0 
319 64 606 384 39 127 -1 -1 -1 0 
320 64 599 387 47 127 -1 -1 -1 0 
321 64 596 384 45 128 -1 -1 -1 0 
323 64 603 400 42 134 -1 -1 -1 0 
323 78 757 412 15 56 -1 -1 -1 0 
324 64 608 384 45 138 -1 -1 -1 0 
325 64 609 382 44 129 -1 -1 -1 0 
326 64 624 374 42 139 -1 -1 -1 0 
327 64 631 376 44 142 -1 -1 -1 0 
328 64 633 380 46 138 -1 -1 -1 0 
329 64 639 371 41 146 -1 -1 -1 0 
330 64 641 369 58 148 -1 -1 -1 0 
331 64 634 373 55 145 -1 -1 -1 0 
332 64 639 368 56 145 -1 -1 -1 0 
333 64 645 371 55 145 -1 -1 -1 0 
333 84 713 398 24 61 -1 -1 -1 0 
333 85 784 388 18 57 -1 -1 -1 0 
334 64 645 355 60 155 -1 -1 -1 0 
335 64 636 380 63 148 -1 -1 -1 0 
336 64 640 363 58 152 -1 -1 -1 0 
337 72 776 379 20 56 -1 -1 -1 0 
337 64 641 365 66 153 -1 -1 -1 0 
337 86 702 389 21 61 -1 -1 -1 0 
338 72 776 379 19 55 -1 -1 -1 0 
338 64 647 374 58 156 -1 -1 -1 0 
338 86 700 407 24 58 -1 -1 -1 0 
339 64 660 357 60 161 -1 -1 -1 0 
340 64 651 381 61 159 -1 -1 -1 0 
341 64 668 364 55 166 -1 -1 -1 0 
342 64 678 371 53 170 -1 -1 -1 0 
343 64 694 361 54 153 -1 -1 -1 0 
344 64 695 359 63 173 -1 -1 -1 0 
345 64 696 359 60 178 -1 -1 -1 0 
346 72 797 412 18 54 -1 -1 -1 0 
346 64 706 376 63 176 -1 -1 -1 0 
347 72 799 415 18 54 -1 -1 -1 0 
348 72 795 406 17 58 -1 -1 -1 0 
348 64 712 371 68 179 -1 -1 -1 0 
349 72 805 387 20 60 -1 -1 -1 0 
349 64 719 354 77 183 -1 -1 -1 0 
350 72 806 386 22 61 -1 -1 -1 0 
352 64 732 359 63 184 -1 -1 -1 0 
353 64 731 366 70 191 -1 -1 -1 0 
354 64 741 347 71 197 -1 -1 -1 0 
355 64 738 343 66 200 -1 -1 -1 0 
356 64 759 355 68 194 -1 -1 -1 0 
357 64 756 360 64 200 -1 -1 -1 0 
358 64 769 345 63 205 -1 -1 -1 0 
359 64 773 358 67 206 -1 -1 -1 0 
360 64 776 348 66 204 -1 -1 -1 0 
361 64 775 362 70 215 -1 -1 -1 0 
362 64 793 339 75 219 -1 -1 -1 0 
363 64 790 340 91 219 -1 -1 -1 0 
364 64 791 338 98 221 -1 -1 -1 0 
365 64 789 337 99 222 -1 -1 -1 0 
366 64 771 331 107 223 -1 -1 -1 0 
367 72 616 413 19 35 -1 -1 -1 0 
367 64 756 322 110 234 -1 -1 -1 0 
368 72 606 415 18 33 -1 -1 -1 0 
369 64 744 344 98 233 -1 -1 -1 0 
370 64 747 332 105 242 -1 -1 -1 0 
371 64 755 325 98 250 -1 -1 -1 0 
372 64 774 322 90 255 -1 -1 -1 0 
373 64 801 318 88 264 -1 -1 -1 0 
373 72 740 392 21 67 -1 -1 -1 0 
374 64 805 320 87 266 -1 -1 -1 0 
374 72 734 393 23 67 -1 -1 -1 0 
374 107 641 407 17 42 -1 -1 -1 0 
375 64 815 316 85 270 -1 -1 -1 0 
375 72 736 388 23 66 -1 -1 -1 0 
375 107 645 407 15 42 -1 -1 -1 0 
376 64 825 312 97 284 -1 -1 -1 0 
376 72 734 399 24 66 -1 -1 -1 0 
376 107 643 412 14 46 -1 -1 -1 0 
376 111 660 416 17 45 -1 -1 -1 0 
377 64 819 332 88 278 -1 -1 -1 0 
377 72 728 392 20 70 -1 -1 -1 0 
378 64 837 313 94 287 -1 -1 -1 0 
378 72 724 392 25 67 -1 -1 -1 0 
379 64 843 321 104 290 -1 -1 -1 0 
379 72 728 395 23 67 -1 -1 -1 0 
380 64 852 321 109 295 -1 -1 -1 0 
380 72 733 402 23 68 -1 -1 -1 0 
381 64 852 334 118 298 -1 -1 -1 0 
381 72 733 418 24 66 -1 -1 -1 0 
382 64 871 337 130 301 -1 -1 -1 0 
382 72 742 408 23 66 -1 -1 -1 0 
383 64 883 331 134 304 -1 -1 -1 0 
383 72 743 410 24 67 -1 -1 -1 0 
384 64 889 324 153 319 -1 -1 -1 0 
384 72 751 416 24 66 -1 -1 -1 0 
385 64 918 323 134 325 -1 -1 -1 0 
386 64 943 325 122 332 -1 -1 -1 0 
387 64 966 330 113 341 -1 -1 -1 0 
388 64 989 330 90 347 -1 -1 -1 0 
389 64 1014 341 65 341 -1 -1 -1 0 
389 118 787 421 23 68 -1 -1 -1 0 
390 64 1031 343 48 345 -1 -1 -1 0 
390 111 723 439 17 43 -1 -1 -1 0 
390 118 793 420 23 70 -1 -1 -1 0 
391 111 728 440 17 43 -1 -1 -1 0 
396 72 901 417 27 70 -1 -1 -1 0 
397 72 913 417 26 72 -1 -1 -1 0 
404 140 940 398 25 75 -1 -1 -1 0 
405 140 933 384 26 77 -1 -1 -1 0 
406 72 910 405 28 75 -1 -1 -1 0 
406 140 928 375 28 79 -1 -1 -1 0 
407 72 918 404 27 75 -1 -1 -1 0 
409 72 940 386 28 75 -1 -1 -1 0 
410 72 948 384 28 74 -1 -1 -1 0 
411 106 911 407 25 75 -1 -1 -1 0 
412 106 917 406 27 76 -1 -1 -1 0 
414 72 902 387 24 74 -1 -1 -1 0 
414 152 775 424 17 49 -1 -1 -1 0 
415 72 904 386 22 73 -1 -1 -1 0 
416 72 877 393 27 77 -1 -1 -1 0 
417 72 882 392 26 78 -1 -1 -1 0 
418 72 877 381 26 74 -1 -1 -1 0 
422 72 876 380 25 73 -1 -1 -1 0 
423 72 835 359 28 83 -1 -1 -1 0 
424 72 828 355 30 85 -1 -1 -1 0 
425 152 665 398 16 51 -1 -1 -1 0 
426 72 805 360 27 83 -1 -1 -1 0 
428 72 798 358 26 83 -1 -1 -1 0 
432 106 703 363 29 85 -1 -1 -1 0 
433 106 681 346 28 85 -1 -1 -1 0 
434 72 659 336 29 83 -1 -1 -1 0 
434 106 667 341 28 85 -1 -1 -1 0 
435 72 641 333 30 83 -1 -1 -1 0 
437 106 533 374 30 88 -1 -1 -1 0 
439 106 506 375 30 89 -1 -1 -1 0 
443 106 299 400 32 88 -1 -1 -1 0 
443 152 158 452 22 51 -1 -1 -1 0 
444 106 259 403 32 88 -1 -1 -1 0 
448 106 162 431 37 92 -1 -1 -1 0 
449 106 132 431 38 89 -1 -1 -1 0 
450 106 99 441 41 89 -1 -1 -1 0 
451 106 77 455 43 88 -1 -1 -1 0 
453 106 46 460 44 90 -1 -1 -1 0 
502 152 113 426 24 57 -1 -1 -1 0 
503 152 113 424 24 58 -1 -1 -1 0 
504 207 313 432 35 110 -1 -1 -1 0 
505 207 312 415 38 129 -1 -1 -1 0 
506 207 324 434 34 111 -1 -1 -1 0 
507 152 148 436 23 60 -1 -1 -1 0 
507 207 328 428 37 109 -1 -1 -1 0 
508 152 161 433 21 61 -1 -1 -1 0 
508 207 349 418 34 108 -1 -1 -1 0 
509 152 178 430 21 60 -1 -1 -1 0 
509 207 366 417 36 111 -1 -1 -1 0 
510 152 187 430 20 60 -1 -1 -1 0 
512 207 392 385 37 120 -1 -1 -1 0 
514 207 385 387 38 121 -1 -1 -1 0 
515 207 380 384 37 119 -1 -1 -1 0 
515 214 444 373 37 113 -1 -1 -1 0 
516 207 374 396 36 116 -1 -1 -1 0 
516 214 438 368 36 113 -1 -1 -1 0 
517 207 373 390 38 109 -1 -1 -1 0 
518 207 365 381 39 120 -1 -1 -1 0 
519 207 383 383 46 117 -1 -1 -1 0 
520 207 378 376 49 118 -1 -1 -1 0 
521 152 201 429 25 60 -1 -1 -1 0 
521 207 382 375 48 120 -1 -1 -1 0 
522 152 199 435 28 59 -1 -1 -1 0 
522 207 393 384 44 120 -1 -1 -1 0 
523 152 202 426 26 64 -1 -1 -1 0 
523 207 405 395 43 119 -1 -1 -1 0 
523 219 141 442 16 37 -1 -1 -1 0 
524 152 205 425 27 65 -1 -1 -1 0 
524 207 416 392 49 119 -1 -1 -1 0 
524 219 143 440 15 35 -1 -1 -1 0 
525 152 222 444 24 58 -1 -1 -1 0 
525 207 419 406 46 118 -1 -1 -1 0 
526 152 222 462 22 59 -1 -1 -1 0 
526 207 414 414 43 118 -1 -1 -1 0 
527 152 229 467 23 60 -1 -1 -1 0 
527 207 417 409 45 118 -1 -1 -1 0 
528 152 251 473 26 60 -1 -1 -1 0 
528 207 422 411 44 117 -1 -1 -1 0 
529 152 258 476 26 61 -1 -1 -1 0 
529 219 233 489 13 34 -1 -1 -1 0 
530 207 519 415 40 117 -1 -1 -1 0 
530 219 246 494 13 35 -1 -1 -1 0 
531 207 532 416 40 118 -1 -1 -1 0 
532 152 369 472 23 60 -1 -1 -1 0 
532 231 562 418 41 121 -1 -1 -1 0 
533 152 372 473 24 59 -1 -1 -1 0 
533 219 314 493 12 35 -1 -1 -1 0 
533 231 565 422 41 122 -1 -1 -1 0 
534 152 369 476 21 62 -1 -1 -1 0 
534 219 329 496 12 36 -1 -1 -1 0 
534 231 565 416 47 119 -1 -1 -1 0 
535 152 371 485 22 61 -1 -1 -1 0 
535 231 561 429 46 120 -1 -1 -1 0 
536 152 376 488 25 58 -1 -1 -1 0 
536 231 567 430 54 119 -1 -1 -1 0 
537 152 386 492 23 56 -1 -1 -1 0 
537 231 581 425 55 123 -1 -1 -1 0 
538 152 389 492 22 57 -1 -1 -1 0 
538 231 581 432 54 123 -1 -1 -1 0 
538 240 455 472 20 63 -1 -1 -1 0 
539 152 389 487 23 56 -1 -1 -1 0 
539 231 584 423 48 128 -1 -1 -1 0 
539 240 456 473 21 64 -1 -1 -1 0 
539 243 333 502 14 39 -1 -1 -1 0 
540 152 386 492 24 57 -1 -1 -1 0 
540 231 578 423 57 127 -1 -1 -1 0 
540 240 452 470 22 65 -1 -1 -1 0 
540 243 328 512 14 36 -1 -1 -1 0 
541 152 382 490 26 58 -1 -1 -1 0 
541 231 576 425 50 127 -1 -1 -1 0 
541 240 449 469 23 64 -1 -1 -1 0 
541 243 326 511 14 33 -1 -1 -1 0 
542 152 382 490 25 57 -1 -1 -1 0 
542 231 578 428 54 123 -1 -1 -1 0 
542 240 450 468 23 63 -1 -1 -1 0 
542 243 326 512 13 33 -1 -1 -1 0 
542 246 306 516 13 28 -1 -1 -1 0 
543 152 381 488 26 58 -1 -1 -1 0 
543 231 579 426 53 122 -1 -1 -1 0 
543 240 449 467 22 62 -1 -1 -1 0 
543 243 327 510 12 32 -1 -1 -1 0 
543 246 307 514 13 26 -1 -1 -1 0 
544 152 385 488 24 59 -1 -1 -1 0 
544 231 578 426 52 121 -1 -1 -1 0 
544 240 451 467 21 63 -1 -1 -1 0 
544 243 330 512 12 32 -1 -1 -1 0 
544 246 309 514 13 28 -1 -1 -1 0 
545 152 381 487 28 59 -1 -1 -1 0 
545 231 579 421 52 124 -1 -1 -1 0 
545 240 450 466 23 63 -1 -1 -1 0 
545 243 326 511 14 32 -1 -1 -1 0 
545 246 306 515 14 26 -1 -1 -1 0 
545 248 416 483 23 56 -1 -1 -1 0 
546 152 379 488 28 58 -1 -1 -1 0 
546 231 578 420 54 125 -1 -1 -1 0 
546 240 447 466 23 63 -1 -1 -1 0 
546 243 327 510 12 32 -1 -1 -1 0 
546 246 307 514 12 25 -1 -1 -1 0 
546 248 414 483 20 58 -1 -1 -1 0 
547 152 381 483 28 61 -1 -1 -1 0 
547 231 576 420 54 124 -1 -1 -1 0 
547 240 447 464 24 62 -1 -1 -1 0 
547 243 328 505 12 36 -1 -1 -1 0 
547 246 309 511 10 26 -1 -1 -1 0 
547 248 416 480 23 58 -1 -1 -1 0 
548 152 382 482 29 64 -1 -1 -1 0 
548 231 579 418 50 123 -1 -1 -1 0 
548 240 449 465 22 61 -1 -1 -1 0 
548 243 328 507 14 36 -1 -1 -1 0 
548 246 308 513 13 27 -1 -1 -1 0 
548 248 417 480 24 58 -1 -1 -1 0 
549 152 385 484 30 60 -1 -1 -1 0 
549 231 580 418 50 123 -1 -1 -1 0 
549 240 451 464 22 63 -1 -1 -1 0 
549 243 331 506 15 36 -1 -1 -1 0 
549 246 312 512 12 25 -1 -1 -1 0 
549 248 417 480 25 57 -1 -1 -1 0 
550 152 391 481 28 58 -1 -1 -1 0 
550 231 583 417 54 122 -1 -1 -1 0 
550 240 453 461 24 64 -1 -1 -1 0 
550 243 335 505 13 34 -1 -1 -1 0 
550 246 312 511 13 26 -1 -1 -1 0 
551 152 392 480 28 56 -1 -1 -1 0 
551 231 591 416 51 121 -1 -1 -1 0 
551 240 456 457 23 65 -1 -1 -1 0 
551 243 338 503 12 33 -1 -1 -1 0 
551 246 316 506 13 28 -1 -1 -1 0 
552 152 397 476 27 58 -1 -1 -1 0 
552 231 594 417 50 119 -1 -1 -1 0 
552 240 458 456 24 63 -1 -1 -1 0 
552 243 340 500 14 34 -1 -1 -1 0 
552 246 320 504 14 26 -1 -1 -1 0 
553 152 400 475 30 59 -1 -1 -1 0 
553 231 598 413 49 120 -1 -1 -1 0 
553 240 462 455 23 64 -1 -1 -1 0 
553 243 343 500 14 34 -1 -1 -1 0 
553 246 324 504 12 25 -1 -1 -1 0 
553 251 581 409 25 111 -1 -1 -1 0 
554 152 401 474 31 59 -1 -1 -1 0 
554 231 606 410 49 122 -1 -1 -1 0 
554 240 464 453 24 64 -1 -1 -1 0 
554 243 346 495 13 35 -1 -1 -1 0 
554 246 325 501 14 25 -1 -1 -1 0 
554 251 583 408 27 113 -1 -1 -1 0 
555 152 405 470 29 59 -1 -1 -1 0 
555 231 607 407 45 123 -1 -1 -1 0 
555 240 466 449 22 66 -1 -1 -1 0 
555 243 346 493 15 35 -1 -1 -1 0 
555 246 328 497 12 27 -1 -1 -1 0 
555 251 582 406 29 112 -1 -1 -1 0 
555 252 439 468 27 54 -1 -1 -1 0 
556 152 406 467 32 61 -1 -1 -1 0 
556 231 608 403 46 124 -1 -1 -1 0 
556 240 467 447 23 67 -1 -1 -1 0 
556 243 347 493 15 34 -1 -1 -1 0 
557 152 406 466 31 61 -1 -1 -1 0 
557 231 608 401 46 123 -1 -1 -1 0 
557 240 466 443 23 68 -1 -1 -1 0 
557 243 349 491 13 34 -1 -1 -1 0 
557 246 329 495 13 27 -1 -1 -1 0 
557 248 438 462 24 58 -1 -1 -1 0 
557 251 581 400 35 111 -1 -1 -1 0 
558 152 408 464 29 58 -1 -1 -1 0 
558 231 609 400 48 125 -1 -1 -1 0 
558 240 467 442 26 64 -1 -1 -1 0 
558 243 350 490 14 32 -1 -1 -1 0 
558 246 331 492 13 26 -1 -1 -1 0 
558 248 441 459 26 57 -1 -1 -1 0 
558 251 581 398 35 112 -1 -1 -1 0 
559 152 408 463 27 58 -1 -1 -1 0 
559 231 610 398 50 125 -1 -1 -1 0 
559 240 469 440 25 64 -1 -1 -1 0 
559 243 349 489 14 32 -1 -1 -1 0 
559 246 333 491 12 25 -1 -1 -1 0 
560 152 408 460 29 61 -1 -1 -1 0 
560 231 608 393 47 127 -1 -1 -1 0 
560 243 351 486 12 33 -1 -1 -1 0 
560 248 440 456 27 57 -1 -1 -1 0 
560 251 579 394 37 112 -1 -1 -1 0 
561 152 410 458 29 62 -1 -1 -1 0 
561 231 607 390 46 130 -1 -1 -1 0 
561 243 350 483 14 34 -1 -1 -1 0 
561 246 332 487 12 26 -1 -1 -1 0 
561 248 442 455 26 56 -1 -1 -1 0 
562 152 409 456 29 62 -1 -1 -1 0 
562 231 608 387 46 131 -1 -1 -1 0 
562 243 349 482 14 34 -1 -1 -1 0 
562 246 334 486 11 25 -1 -1 -1 0 
562 251 575 390 40 111 -1 -1 -1 0
