3 1 858 407 120 330 -1 -1 -1 0 
3 2 783 415 108 326 -1 -1 -1 0 
3 3 385 506 32 86 -1 -1 -1 0 
3 4 193 549 73 101 -1 -1 -1 0 
3 5 631 478 35 97 -1 -1 -1 0 
4 1 883 409 112 330 -1 -1 -1 0 
4 2 800 418 113 323 -1 -1 -1 0 
4 3 396 500 33 93 -1 -1 -1 0 
4 4 212 549 65 103 -1 -1 -1 0 
4 5 645 478 36 97 -1 -1 -1 0 
4 7 449 502 22 56 -1 -1 -1 0 
5 1 881 395 116 349 -1 -1 -1 0 
5 2 795 407 110 328 -1 -1 -1 0 
5 3 380 493 36 96 -1 -1 -1 0 
5 4 192 540 74 110 -1 -1 -1 0 
5 5 658 476 36 93 -1 -1 -1 0 
5 7 446 492 32 84 -1 -1 -1 0 
5 10 463 490 29 82 -1 -1 -1 0 
6 1 873 394 118 346 -1 -1 -1 0 
6 2 788 410 112 333 -1 -1 -1 0 
6 3 371 499 34 95 -1 -1 -1 0 
6 4 186 546 70 112 -1 -1 -1 0 
6 5 653 482 33 90 -1 -1 -1 0 
6 7 453 497 29 79 -1 -1 -1 0 
6 10 463 484 31 85 -1 -1 -1 0 
6 13 498 496 38 67 -1 -1 -1 0 
7 1 881 401 114 342 -1 -1 -1 0 
7 2 789 414 116 337 -1 -1 -1 0 
7 3 373 504 34 96 -1 -1 -1 0 
7 4 187 549 70 113 -1 -1 -1 0 
7 5 652 489 31 82 -1 -1 -1 0 
7 7 452 500 28 83 -1 -1 -1 0 
7 13 500 501 37 69 -1 -1 -1 0 
7 16 626 484 33 92 -1 -1 -1 0 
8 1 884 395 115 346 -1 -1 -1 0 
8 2 790 411 113 339 -1 -1 -1 0 
8 3 372 499 34 90 -1 -1 -1 0 
8 4 188 550 70 114 -1 -1 -1 0 
8 5 658 492 29 79 -1 -1 -1 0 
8 7 457 497 25 75 -1 -1 -1 0 
9 1 913 378 124 355 -1 -1 -1 0 
9 2 820 397 115 345 -1 -1 -1 0 
9 3 373 498 33 90 -1 -1 -1 0 
9 4 203 534 78 115 -1 -1 -1 0 
9 7 452 492 30 77 -1 -1 -1 0 
9 17 433 491 33 83 -1 -1 -1 0 
9 19 559 484 29 69 -1 -1 -1 0 
10 1 924 376 125 360 -1 -1 -1 0 
10 2 828 398 118 346 -1 -1 -1 0 
10 4 206 534 68 114 -1 -1 -1 0 
10 7 456 491 32 81 -1 -1 -1 0 
10 16 650 472 32 96 -1 -1 -1 0 
11 1 934 374 123 365 -1 -1 -1 0 
11 2 838 397 119 350 -1 -1 -1 0 
11 3 395 492 34 91 -1 -1 -1 0 
11 4 209 533 68 116 -1 -1 -1 0 
11 7 479 486 27 80 -1 -1 -1 0 
11 13 533 478 31 72 -1 -1 -1 0 
11 16 655 467 36 96 -1 -1 -1 0 
11 24 587 476 28 71 -1 -1 -1 0 
12 1 947 372 128 380 -1 -1 -1 0 
12 2 852 398 121 353 -1 -1 -1 0 
12 3 404 495 35 93 -1 -1 -1 0 
12 4 218 533 70 118 -1 -1 -1 0 
12 7 479 487 34 82 -1 -1 -1 0 
12 13 544 483 27 69 -1 -1 -1 0 
12 16 665 466 35 97 -1 -1 -1 0 
12 24 594 476 29 73 -1 -1 -1 0 
12 25 691 471 33 91 -1 -1 -1 0 
13 1 971 373 108 381 -1 -1 -1 0 
13 2 868 400 132 358 -1 -1 -1 0 
13 3 420 490 33 95 -1 -1 -1 0 
13 4 233 532 69 119 -1 -1 -1 0 
13 7 479 488 34 83 -1 -1 -1 0 
13 13 560 482 28 71 -1 -1 -1 0 
13 16 681 469 34 99 -1 -1 -1 0 
13 24 613 480 26 71 -1 -1 -1 0 
13 25 698 471 33 92 -1 -1 -1 0 
13 27 212 489 63 148 -1 -1 -1 0 
13 28 347 509 52 79 -1 -1 -1 0 
13 30 147 510 73 137 -1 -1 -1 0 
14 1 969 373 110 388 -1 -1 -1 0 
14 2 891 391 160 365 -1 -1 -1 0 
14 3 432 494 34 98 -1 -1 -1 0 
15 1 1013 384 66 377 -1 -1 -1 0 
15 2 924 402 131 369 -1 -1 -1 0 
15 3 456 489 34 100 -1 -1 -1 0 
16 1 1027 383 52 380 -1 -1 -1 0 
16 2 949 392 127 378 -1 -1 -1 0 
16 3 462 488 36 97 -1 -1 -1 0 
16 4 277 533 72 116 -1 -1 -1 0 
17 2 949 393 130 374 -1 -1 -1 0 
17 3 463 486 35 99 -1 -1 -1 0 
17 4 270 532 74 117 -1 -1 -1 0 
17 7 516 484 50 92 -1 -1 -1 0 
17 27 245 484 72 158 -1 -1 -1 0 
17 30 187 507 60 143 -1 -1 -1 0 
18 2 951 393 126 377 -1 -1 -1 0 
18 3 458 497 35 98 -1 -1 -1 0 
18 4 276 531 75 118 -1 -1 -1 0 
18 7 513 496 45 88 -1 -1 -1 0 
18 27 241 493 101 168 -1 -1 -1 0 
19 2 953 384 126 386 -1 -1 -1 0 
19 3 446 495 39 100 -1 -1 -1 0 
20 2 938 384 141 392 -1 -1 -1 0 
20 3 424 495 42 103 -1 -1 -1 0 
21 2 920 374 142 392 -1 -1 -1 0 
21 3 395 497 37 98 -1 -1 -1 0 
22 2 885 371 155 405 -1 -1 -1 0 
22 3 391 497 38 98 -1 -1 -1 0 
23 1 972 354 107 424 -1 -1 -1 0 
23 2 860 373 146 407 -1 -1 -1 0 
24 1 961 333 118 455 -1 -1 -1 0 
24 2 863 372 142 413 -1 -1 -1 0 
25 1 970 361 109 431 -1 -1 -1 0 
25 2 855 388 156 408 -1 -1 -1 0 
25 3 316 514 33 93 -1 -1 -1 0 
26 1 964 367 115 430 -1 -1 -1 0 
26 2 863 398 136 396 -1 -1 -1 0 
27 1 977 349 102 441 -1 -1 -1 0 
27 2 853 383 204 422 -1 -1 -1 0 
27 3 299 504 36 104 -1 -1 -1 0 
28 1 977 348 102 451 -1 -1 -1 0 
28 2 857 389 185 415 -1 -1 -1 0 
29 1 997 339 82 462 -1 -1 -1 0 
29 2 861 370 201 434 -1 -1 -1 0 
30 1 978 352 101 466 -1 -1 -1 0 
30 2 859 375 180 434 -1 -1 -1 0 
30 3 273 508 37 109 -1 -1 -1 0 
31 1 970 352 109 456 -1 -1 -1 0 
31 2 860 371 185 445 -1 -1 -1 0 
31 3 259 518 40 98 -1 -1 -1 0 
32 1 966 349 113 468 -1 -1 -1 0 
32 2 864 373 170 449 -1 -1 -1 0 
32 3 254 511 34 102 -1 -1 -1 0 
32 7 324 505 30 84 -1 -1 -1 0 
33 1 959 353 120 479 -1 -1 -1 0 
33 2 851 370 186 456 -1 -1 -1 0 
35 1 956 353 123 484 -1 -1 -1 0 
36 2 910 352 169 506 -1 -1 -1 0 
37 2 914 350 165 514 -1 -1 -1 0 
41 3 315 494 42 110 -1 -1 -1 0 
41 16 634 479 39 115 -1 -1 -1 0 
42 3 306 492 45 117 -1 -1 -1 0 
43 3 293 494 46 124 -1 -1 -1 0 
45 3 297 499 32 88 -1 -1 -1 0 
45 16 565 486 36 101 -1 -1 -1 0 
46 3 298 499 32 86 -1 -1 -1 0 
47 16 547 480 36 110 -1 -1 -1 0 
47 3 213 495 40 108 -1 -1 -1 0 
48 16 560 483 39 108 -1 -1 -1 0 
48 3 228 494 45 107 -1 -1 -1 0 
49 3 257 487 42 104 -1 -1 -1 0 
49 15 627 497 33 88 -1 -1 -1 0 
49 16 588 482 40 109 -1 -1 -1 0 
50 3 278 485 41 111 -1 -1 -1 0 
50 15 652 494 33 93 -1 -1 -1 0 
50 16 617 475 38 115 -1 -1 -1 0 
51 3 279 483 42 114 -1 -1 -1 0 
51 15 663 495 35 95 -1 -1 -1 0 
51 16 628 483 39 112 -1 -1 -1 0 
51 46 289 493 37 104 -1 -1 -1 0 
52 3 284 493 38 116 -1 -1 -1 0 
52 15 676 493 36 97 -1 -1 -1 0 
52 16 631 484 39 111 -1 -1 -1 0 
53 3 285 492 39 119 -1 -1 -1 0 
53 7 344 505 30 80 -1 -1 -1 0 
53 16 625 493 47 115 -1 -1 -1 0 
53 27 34 537 92 137 -1 -1 -1 0 
53 46 285 495 37 113 -1 -1 -1 0 
54 3 282 498 38 117 -1 -1 -1 0 
54 7 345 504 31 83 -1 -1 -1 0 
54 16 631 495 41 112 -1 -1 -1 0 
54 27 25 474 97 197 -1 -1 -1 0 
54 46 294 495 36 113 -1 -1 -1 0 
55 3 283 494 38 120 -1 -1 -1 0 
55 7 344 501 29 87 -1 -1 -1 0 
55 16 634 492 46 115 -1 -1 -1 0 
55 27 12 468 115 212 -1 -1 -1 0 
56 3 281 492 41 123 -1 -1 -1 0 
56 7 342 500 35 85 -1 -1 -1 0 
56 16 636 493 48 116 -1 -1 -1 0 
57 3 281 492 41 124 -1 -1 -1 0 
58 3 292 489 46 126 -1 -1 -1 0 
58 7 356 502 37 87 -1 -1 -1 0 
58 16 649 499 49 119 -1 -1 -1 0 
59 3 294 489 47 127 -1 -1 -1 0 
59 7 371 498 34 85 -1 -1 -1 0 
59 16 652 500 51 121 -1 -1 -1 0 
59 46 310 492 41 117 -1 -1 -1 0 
60 3 317 490 53 126 -1 -1 -1 0 
61 3 335 494 55 122 -1 -1 -1 0 
62 3 350 492 50 122 -1 -1 -1 0 
64 3 356 491 51 123 -1 -1 -1 0 
68 46 357 483 44 129 -1 -1 -1 0 
69 3 352 480 48 132 -1 -1 -1 0 
70 3 355 468 49 138 -1 -1 -1 0 
72 3 371 478 46 134 -1 -1 -1 0 
73 3 358 488 51 134 -1 -1 -1 0 
74 3 342 489 49 135 -1 -1 -1 0 
75 3 293 477 56 137 -1 -1 -1 0 
75 4 0 531 106 168 -1 -1 -1 0 
75 16 731 477 51 132 -1 -1 -1 0 
76 3 263 482 49 141 -1 -1 -1 0 
76 4 0 532 76 173 -1 -1 -1 0 
77 3 232 489 50 143 -1 -1 -1 0 
77 7 331 501 36 85 -1 -1 -1 0 
77 16 671 486 51 132 -1 -1 -1 0 
78 3 219 489 59 139 -1 -1 -1 0 
78 16 664 494 51 121 -1 -1 -1 0 
79 3 230 480 52 147 -1 -1 -1 0 
79 7 302 501 37 81 -1 -1 -1 0 
79 16 662 496 51 119 -1 -1 -1 0 
79 57 338 508 20 51 -1 -1 -1 0 
79 72 373 509 21 57 -1 -1 -1 0 
80 46 222 479 53 150 -1 -1 -1 0 
80 7 296 502 38 79 -1 -1 -1 0 
80 3 253 483 50 140 -1 -1 -1 0 
80 57 324 499 34 86 -1 -1 -1 0 
80 72 377 509 20 56 -1 -1 -1 0 
81 3 280 483 53 140 -1 -1 -1 0 
81 57 318 497 37 92 -1 -1 -1 0 
82 16 781 487 73 123 -1 -1 -1 0 
82 3 303 472 53 143 -1 -1 -1 0 
83 16 792 477 56 136 -1 -1 -1 0 
83 3 326 468 49 142 -1 -1 -1 0 
84 16 802 476 58 137 -1 -1 -1 0 
85 3 348 467 60 164 -1 -1 -1 0 
86 16 852 503 52 118 -1 -1 -1 0 
86 3 369 469 53 152 -1 -1 -1 0 
87 16 865 505 52 117 -1 -1 -1 0 
87 3 380 468 53 153 -1 -1 -1 0 
88 27 55 438 73 192 -1 -1 -1 0 
88 3 362 461 60 158 -1 -1 -1 0 
88 72 538 504 26 65 -1 -1 -1 0 
89 27 58 438 69 188 -1 -1 -1 0 
89 3 351 478 53 150 -1 -1 -1 0 
90 16 846 494 60 147 -1 -1 -1 0 
90 3 337 476 55 150 -1 -1 -1 0 
90 87 17 440 95 250 -1 -1 -1 0 
91 7 409 494 34 93 -1 -1 -1 0 
91 16 854 490 62 142 -1 -1 -1 0 
91 3 338 485 58 151 -1 -1 -1 0 
91 87 15 432 84 244 -1 -1 -1 0 
92 7 423 490 35 100 -1 -1 -1 0 
92 16 903 497 60 130 -1 -1 -1 0 
92 3 349 482 57 151 -1 -1 -1 0 
92 87 26 441 79 233 -1 -1 -1 0 
93 7 433 495 35 96 -1 -1 -1 0 
93 16 883 502 69 145 -1 -1 -1 0 
93 27 32 443 88 253 -1 -1 -1 0 
93 3 356 472 61 168 -1 -1 -1 0 
94 7 440 511 33 90 -1 -1 -1 0 
94 16 892 503 71 147 -1 -1 -1 0 
94 27 36 453 84 244 -1 -1 -1 0 
94 3 365 490 57 155 -1 -1 -1 0 
95 7 442 515 34 88 -1 -1 -1 0 
95 16 892 512 85 144 -1 -1 -1 0 
95 27 35 453 86 252 -1 -1 -1 0 
95 3 364 492 58 160 -1 -1 -1 0 
96 7 442 525 31 87 -1 -1 -1 0 
96 16 901 514 87 145 -1 -1 -1 0 
96 3 364 497 59 163 -1 -1 -1 0 
97 7 442 516 35 86 -1 -1 -1 0 
97 3 364 491 59 160 -1 -1 -1 0 
97 72 540 527 23 57 -1 -1 -1 0 
97 87 0 504 110 255 -1 -1 -1 0 
98 7 456 520 35 89 -1 -1 -1 0 
98 3 381 500 58 160 -1 -1 -1 0 
98 72 547 528 23 56 -1 -1 -1 0 
98 87 0 535 122 226 -1 -1 -1 0 
99 7 462 521 36 90 -1 -1 -1 0 
100 16 999 506 75 150 -1 -1 -1 0 
100 27 67 432 96 284 -1 -1 -1 0 
100 3 417 488 57 161 -1 -1 -1 0 
101 7 507 517 33 85 -1 -1 -1 0 
101 16 1013 507 66 150 -1 -1 -1 0 
101 27 82 451 86 260 -1 -1 -1 0 
101 3 431 483 54 172 -1 -1 -1 0 
101 72 610 527 21 57 -1 -1 -1 0 
101 87 22 530 122 235 -1 -1 -1 0 
102 7 511 509 30 93 -1 -1 -1 0 
102 27 85 451 87 264 -1 -1 -1 0 
103 7 520 509 30 94 -1 -1 -1 0 
103 3 434 476 61 171 -1 -1 -1 0 
103 87 4 521 139 245 -1 -1 -1 0 
104 7 521 485 35 102 -1 -1 -1 0 
104 46 441 462 62 184 -1 -1 -1 0 
104 3 1 521 136 249 -1 -1 -1 0 
105 7 527 504 34 89 -1 -1 -1 0 
105 3 447 475 62 178 -1 -1 -1 0 
105 87 0 525 140 264 -1 -1 -1 0 
106 7 531 509 31 91 -1 -1 -1 0 
106 3 447 480 60 176 -1 -1 -1 0 
107 7 538 509 32 92 -1 -1 -1 0 
107 3 433 462 66 180 -1 -1 -1 0 
107 87 3 533 128 260 -1 -1 -1 0 
108 3 439 472 64 180 -1 -1 -1 0 
108 87 1 536 115 264 -1 -1 -1 0 
109 7 524 512 39 94 -1 -1 -1 0 
109 3 443 489 67 180 -1 -1 -1 0 
109 87 0 567 113 258 -1 -1 -1 0 
109 103 62 460 95 286 -1 -1 -1 0 
110 7 528 512 40 96 -1 -1 -1 0 
111 3 458 492 65 183 -1 -1 -1 0 
111 87 0 550 121 283 -1 -1 -1 0 
111 103 70 459 94 292 -1 -1 -1 0 
112 7 542 497 42 101 -1 -1 -1 0 
112 3 457 477 68 188 -1 -1 -1 0 
112 87 1 548 100 292 -1 -1 -1 0 
112 103 64 455 94 295 -1 -1 -1 0 
113 7 547 495 43 103 -1 -1 -1 0 
113 3 453 486 67 192 -1 -1 -1 0 
113 87 7 575 83 284 -1 -1 -1 0 
114 3 435 492 66 195 -1 -1 -1 0 
114 87 7 580 79 288 -1 -1 -1 0 
114 103 22 478 114 308 -1 -1 -1 0 
115 3 420 488 66 195 -1 -1 -1 0 
115 103 2 469 101 307 -1 -1 -1 0 
116 3 405 478 69 202 -1 -1 -1 0 
116 103 0 468 85 304 -1 -1 -1 0 
117 3 391 484 71 209 -1 -1 -1 0 
117 103 0 471 74 307 -1 -1 -1 0 
118 3 382 492 70 215 -1 -1 -1 0 
119 7 464 514 39 101 -1 -1 -1 0 
119 3 375 482 71 218 -1 -1 -1 0 
120 7 458 512 41 99 -1 -1 -1 0 
120 3 369 479 73 220 -1 -1 -1 0 
120 119 180 501 73 192 -1 -1 -1 0 
121 7 461 510 36 98 -1 -1 -1 0 
121 3 370 480 71 215 -1 -1 -1 0 
121 119 181 499 70 194 -1 -1 -1 0 
121 122 693 524 33 67 -1 -1 -1 0 
122 7 464 507 36 101 -1 -1 -1 0 
122 3 369 483 77 218 -1 -1 -1 0 
122 119 185 499 73 193 -1 -1 -1 0 
122 122 702 522 32 68 -1 -1 -1 0 
122 123 541 521 17 50 -1 -1 -1 0 
122 124 555 522 19 50 -1 -1 -1 0 
122 125 596 518 26 61 -1 -1 -1 0 
123 7 462 511 37 100 -1 -1 -1 0 
123 3 366 480 77 222 -1 -1 -1 0 
123 72 700 515 33 71 -1 -1 -1 0 
123 119 183 502 76 190 -1 -1 -1 0 
123 122 704 523 33 69 -1 -1 -1 0 
123 123 544 522 18 50 -1 -1 -1 0 
124 7 459 515 34 94 -1 -1 -1 0 
124 3 363 478 75 225 -1 -1 -1 0 
124 72 703 514 35 73 -1 -1 -1 0 
125 7 453 522 39 97 -1 -1 -1 0 
125 3 359 491 73 230 -1 -1 -1 0 
125 119 168 504 84 209 -1 -1 -1 0 
126 7 452 526 36 102 -1 -1 -1 0 
126 3 352 489 79 231 -1 -1 -1 0 
127 7 445 521 35 95 -1 -1 -1 0 
127 3 345 484 75 236 -1 -1 -1 0 
127 119 146 498 104 211 -1 -1 -1 0 
128 7 430 517 39 97 -1 -1 -1 0 
128 3 325 481 84 244 -1 -1 -1 0 
128 119 125 496 111 216 -1 -1 -1 0 
128 122 677 511 35 79 -1 -1 -1 0 
129 7 408 525 41 96 -1 -1 -1 0 
129 3 296 480 92 251 -1 -1 -1 0 
129 119 101 496 96 221 -1 -1 -1 0 
130 7 397 529 40 95 -1 -1 -1 0 
130 3 285 487 85 251 -1 -1 -1 0 
130 119 90 505 111 222 -1 -1 -1 0 
131 7 378 516 37 94 -1 -1 -1 0 
131 3 257 474 95 256 -1 -1 -1 0 
131 119 73 489 102 237 -1 -1 -1 0 
132 7 375 525 42 99 -1 -1 -1 0 
132 3 255 482 95 260 -1 -1 -1 0 
133 7 367 527 38 101 -1 -1 -1 0 
133 3 251 482 89 267 -1 -1 -1 0 
133 119 61 510 99 233 -1 -1 -1 0 
134 7 364 521 40 104 -1 -1 -1 0 
134 3 239 472 96 274 -1 -1 -1 0 
134 119 55 502 94 238 -1 -1 -1 0 
135 7 357 521 40 106 -1 -1 -1 0 
136 3 213 468 111 290 -1 -1 -1 0 
136 119 30 499 96 246 -1 -1 -1 0 
137 7 345 516 40 117 -1 -1 -1 0 
137 3 206 469 107 297 -1 -1 -1 0 
137 119 29 498 101 255 -1 -1 -1 0 
138 7 337 515 42 120 -1 -1 -1 0 
139 3 174 455 120 311 -1 -1 -1 0 
140 7 307 516 38 113 -1 -1 -1 0 
140 3 153 472 124 317 -1 -1 -1 0 
140 119 0 496 84 274 -1 -1 -1 0 
141 7 298 516 38 114 -1 -1 -1 0 
142 3 128 470 125 323 -1 -1 -1 0 
142 119 0 519 61 253 -1 -1 -1 0 
143 3 113 458 120 337 -1 -1 -1 0 
144 7 271 513 56 115 -1 -1 -1 0 
144 3 104 450 130 354 -1 -1 -1 0 
144 119 0 495 50 279 -1 -1 -1 0 
145 7 263 513 57 115 -1 -1 -1 0 
145 3 95 442 136 363 -1 -1 -1 0 
146 3 92 418 133 377 -1 -1 -1 0 
147 3 92 403 138 387 -1 -1 -1 0 
148 3 89 415 140 394 -1 -1 -1 0 
149 7 278 509 68 121 -1 -1 -1 0 
149 3 84 424 153 400 -1 -1 -1 0 
150 7 274 505 59 119 -1 -1 -1 0 
150 3 72 416 134 415 -1 -1 -1 0 
150 72 474 525 33 63 -1 -1 -1 0 
151 7 271 504 59 119 -1 -1 -1 0 
151 3 51 411 146 429 -1 -1 -1 0 
151 72 465 526 32 62 -1 -1 -1 0 
151 142 595 513 32 96 -1 -1 -1 0 
152 7 272 508 46 118 -1 -1 -1 0 
152 3 32 393 161 455 -1 -1 -1 0 
153 7 264 495 49 116 -1 -1 -1 0 
153 3 15 381 155 470 -1 -1 -1 0 
154 7 260 492 49 117 -1 -1 -1 0 
155 3 4 393 172 492 -1 -1 -1 0 
156 3 0 385 189 518 -1 -1 -1 0 
157 3 0 369 167 551 -1 -1 -1 0 
158 3 8 406 133 508 -1 -1 -1 0 
159 3 2 413 111 512 -1 -1 -1 0 
160 3 0 414 103 520 -1 -1 -1 0 
166 72 485 522 26 68 -1 -1 -1 0 
167 72 485 521 26 70 -1 -1 -1 0 
167 161 614 485 38 117 -1 -1 -1 0 
167 162 1 515 174 194 -1 -1 -1 0 
168 161 614 476 39 118 -1 -1 -1 0 
170 162 0 537 165 195 -1 -1 -1 0 
170 163 751 501 60 130 -1 -1 -1 0 
171 162 0 533 174 205 -1 -1 -1 0 
171 163 752 504 59 129 -1 -1 -1 0 
171 167 622 503 42 118 -1 -1 -1 0 
172 72 516 531 26 74 -1 -1 -1 0 
172 162 0 532 174 210 -1 -1 -1 0 
174 72 518 531 27 76 -1 -1 -1 0 
175 162 13 519 211 226 -1 -1 -1 0 
176 162 3 529 221 226 -1 -1 -1 0 
177 162 0 533 202 225 -1 -1 -1 0 
178 161 682 499 43 128 -1 -1 -1 0 
178 162 2 528 178 242 -1 -1 -1 0 
179 161 668 504 43 124 -1 -1 -1 0 
179 162 2 528 178 247 -1 -1 -1 0 
180 161 657 407 62 199 -1 -1 -1 0 
181 142 654 499 45 129 -1 -1 -1 0 
182 142 649 520 45 116 -1 -1 -1 0 
183 72 501 527 25 78 -1 -1 -1 0 
183 142 651 516 40 117 -1 -1 -1 0 
184 72 496 531 29 74 -1 -1 -1 0 
184 142 647 539 34 95 -1 -1 -1 0 
184 163 804 484 72 167 -1 -1 -1 0 
185 72 496 532 28 73 -1 -1 -1 0 
188 167 714 506 45 128 -1 -1 -1 0 
190 72 583 518 32 89 -1 -1 -1 0 
191 72 591 518 32 80 -1 -1 -1 0 
192 72 600 517 31 80 -1 -1 -1 0 
193 163 942 509 78 172 -1 -1 -1 0 
194 72 554 500 32 98 -1 -1 -1 0 
194 163 959 502 74 173 -1 -1 -1 0 
195 72 556 497 34 101 -1 -1 -1 0 
195 163 972 502 73 175 -1 -1 -1 0 
196 163 981 482 72 184 -1 -1 -1 0 
196 187 220 487 59 145 -1 -1 -1 0 
196 189 118 479 65 161 -1 -1 -1 0 
197 163 986 485 72 179 -1 -1 -1 0 
197 187 218 488 52 147 -1 -1 -1 0 
197 189 109 482 66 172 -1 -1 -1 0 
198 163 991 483 83 186 -1 -1 -1 0 
198 187 222 480 54 156 -1 -1 -1 0 
198 189 107 483 68 177 -1 -1 -1 0 
199 163 1012 480 67 186 -1 -1 -1 0 
199 187 214 476 61 157 -1 -1 -1 0 
200 163 1024 479 55 187 -1 -1 -1 0 
200 187 212 473 62 159 -1 -1 -1 0 
200 191 823 500 52 137 -1 -1 -1 0 
201 191 833 488 53 148 -1 -1 -1 0 
202 191 842 490 53 145 -1 -1 -1 0 
204 163 1022 462 57 196 -1 -1 -1 0 
205 72 518 515 21 65 -1 -1 -1 0 
205 163 1016 455 63 198 -1 -1 -1 0 
206 72 516 515 20 64 -1 -1 -1 0 
208 163 987 476 92 201 -1 -1 -1 0 
210 202 815 494 54 153 -1 -1 -1 0 
211 202 813 486 63 169 -1 -1 -1 0 
212 72 530 528 17 60 -1 -1 -1 0 
212 187 101 468 80 179 -1 -1 -1 0 
212 202 812 494 69 168 -1 -1 -1 0 
213 72 533 519 19 46 -1 -1 -1 0 
213 187 94 467 77 181 -1 -1 -1 0 
213 202 821 481 84 172 -1 -1 -1 0 
213 205 612 516 31 83 -1 -1 -1 0 
214 72 535 514 20 62 -1 -1 -1 0 
214 187 91 463 75 183 -1 -1 -1 0 
214 202 821 479 88 174 -1 -1 -1 0 
214 205 614 507 32 93 -1 -1 -1 0 
215 72 565 522 22 65 -1 -1 -1 0 
215 187 84 461 76 186 -1 -1 -1 0 
215 202 827 483 77 174 -1 -1 -1 0 
215 205 614 516 38 90 -1 -1 -1 0 
216 72 568 521 24 68 -1 -1 -1 0 
216 187 96 460 89 189 -1 -1 -1 0 
216 202 854 486 61 175 -1 -1 -1 0 
217 72 570 518 23 68 -1 -1 -1 0 
217 187 113 463 77 187 -1 -1 -1 0 
217 202 878 474 79 180 -1 -1 -1 0 
217 205 654 515 31 93 -1 -1 -1 0 
218 72 603 521 25 71 -1 -1 -1 0 
218 187 109 463 81 190 -1 -1 -1 0 
218 202 889 485 73 179 -1 -1 -1 0 
218 205 663 523 31 80 -1 -1 -1 0 
220 72 610 521 26 72 -1 -1 -1 0 
221 72 583 514 25 72 -1 -1 -1 0 
221 187 73 486 62 178 -1 -1 -1 0 
221 202 883 469 75 188 -1 -1 -1 0 
221 205 640 510 36 96 -1 -1 -1 0 
222 72 575 504 26 72 -1 -1 -1 0 
222 187 57 480 65 179 -1 -1 -1 0 
222 202 885 468 71 185 -1 -1 -1 0 
222 205 635 500 36 98 -1 -1 -1 0 
223 72 570 509 28 73 -1 -1 -1 0 
223 187 46 476 70 191 -1 -1 -1 0 
223 202 888 462 74 192 -1 -1 -1 0 
223 205 631 504 40 99 -1 -1 -1 0 
224 72 572 508 28 74 -1 -1 -1 0 
224 187 47 486 74 193 -1 -1 -1 0 
224 202 905 441 74 216 -1 -1 -1 0 
225 187 55 486 67 198 -1 -1 -1 0 
225 202 906 490 67 188 -1 -1 -1 0 
226 72 591 512 25 76 -1 -1 -1 0 
226 187 49 494 66 200 -1 -1 -1 0 
226 202 919 465 73 202 -1 -1 -1 0 
226 205 652 513 37 97 -1 -1 -1 0 
227 72 595 512 25 76 -1 -1 -1 0 
227 187 45 496 66 203 -1 -1 -1 0 
228 187 24 497 105 204 -1 -1 -1 0 
228 191 915 439 104 232 -1 -1 -1 0 
228 202 919 467 76 209 -1 -1 -1 0 
228 205 651 532 34 87 -1 -1 -1 0 
229 187 18 499 110 206 -1 -1 -1 0 
230 202 916 438 84 215 -1 -1 -1 0 
230 205 644 493 36 104 -1 -1 -1 0 
232 72 568 525 21 47 -1 -1 -1 0 
232 187 1 487 70 216 -1 -1 -1 0 
232 202 909 460 92 211 -1 -1 -1 0 
232 205 644 490 38 106 -1 -1 -1 0 
233 72 568 526 20 45 -1 -1 -1 0 
234 202 918 433 103 233 -1 -1 -1 0 
235 202 922 455 84 219 -1 -1 -1 0 
236 202 943 433 88 245 -1 -1 -1 0 
237 202 928 424 94 244 -1 -1 -1 0 
237 205 602 506 38 111 -1 -1 -1 0 
238 202 916 450 98 242 -1 -1 -1 0 
238 205 604 507 43 110 -1 -1 -1 0 
239 202 922 434 111 252 -1 -1 -1 0 
239 205 602 507 44 111 -1 -1 -1 0 
240 202 923 433 124 257 -1 -1 -1 0 
241 202 930 444 112 249 -1 -1 -1 0 
241 205 586 512 43 120 -1 -1 -1 0 
241 221 268 552 56 130 -1 -1 -1 0 
242 202 934 440 103 256 -1 -1 -1 0 
242 205 574 519 46 114 -1 -1 -1 0 
243 202 935 439 107 260 -1 -1 -1 0 
244 202 942 434 98 265 -1 -1 -1 0 
245 202 946 417 106 282 -1 -1 -1 0 
246 202 943 414 106 290 -1 -1 -1 0 
248 202 965 410 109 298 -1 -1 -1 0 
249 202 969 406 110 305 -1 -1 -1 0 
249 222 942 406 98 287 -1 -1 -1 0 
250 202 933 412 146 309 -1 -1 -1 0 
251 202 971 406 108 317 -1 -1 -1 0 
251 205 458 502 31 85 -1 -1 -1 0 
252 202 978 399 101 330 -1 -1 -1 0 
252 205 446 502 30 82 -1 -1 -1 0 
253 202 958 392 121 333 -1 -1 -1 0 
253 222 925 396 115 310 -1 -1 -1 0 
254 202 973 397 106 334 -1 -1 -1 0 
254 221 100 468 87 222 -1 -1 -1 0 
254 222 921 397 118 318 -1 -1 -1 0 
255 202 923 391 144 334 -1 -1 -1 0 
256 72 411 517 27 72 -1 -1 -1 0 
256 202 979 402 100 351 -1 -1 -1 0 
256 222 934 394 129 333 -1 -1 -1 0 
257 72 404 516 27 74 -1 -1 -1 0 
258 202 952 413 127 343 -1 -1 -1 0 
259 202 959 416 120 348 -1 -1 -1 0 
260 202 979 402 100 365 -1 -1 -1 0 
261 202 973 405 106 361 -1 -1 -1 0 
262 202 973 404 106 366 -1 -1 -1 0 
265 221 85 502 80 213 -1 -1 -1 0 
267 72 450 504 25 75 -1 -1 -1 0 
269 72 453 503 24 75 -1 -1 -1 0 
269 205 567 501 50 126 -1 -1 -1 0 
271 205 573 500 52 130 -1 -1 -1 0 
275 205 535 502 52 141 -1 -1 -1 0 
277 205 544 498 49 144 -1 -1 -1 0 
277 235 3 544 66 184 -1 -1 -1 0 
278 72 423 505 34 104 -1 -1 -1 0 
279 72 422 504 35 108 -1 -1 -1 0 
280 72 401 506 29 86 -1 -1 -1 0 
280 205 542 506 64 140 -1 -1 -1 0 
281 72 398 506 29 86 -1 -1 -1 0 
281 205 556 512 64 143 -1 -1 -1 0 
282 205 576 517 67 140 -1 -1 -1 0 
283 72 483 513 30 89 -1 -1 -1 0 
283 205 597 507 62 144 -1 -1 -1 0 
284 72 490 514 35 89 -1 -1 -1 0 
284 205 605 509 66 145 -1 -1 -1 0 
284 239 462 517 28 78 -1 -1 -1 0 
285 72 491 511 32 92 -1 -1 -1 0 
285 205 608 504 65 149 -1 -1 -1 0 
285 239 461 516 29 82 -1 -1 -1 0 
286 72 492 512 37 94 -1 -1 -1 0 
286 205 613 504 69 152 -1 -1 -1 0 
287 72 497 513 39 94 -1 -1 -1 0 
288 72 507 517 36 96 -1 -1 -1 0 
288 205 633 521 70 147 -1 -1 -1 0 
289 72 514 518 36 96 -1 -1 -1 0 
289 205 655 503 68 155 -1 -1 -1 0 
289 239 523 519 29 79 -1 -1 -1 0 
290 72 527 520 31 93 -1 -1 -1 0 
290 205 664 507 72 168 -1 -1 -1 0 
291 72 529 495 38 121 -1 -1 -1 0 
291 205 670 512 80 166 -1 -1 -1 0 
292 72 536 493 38 125 -1 -1 -1 0 
293 205 674 488 72 165 -1 -1 -1 0 
294 205 675 484 69 167 -1 -1 -1 0 
295 205 676 500 67 165 -1 -1 -1 0 
296 205 688 496 72 174 -1 -1 -1 0 
297 205 697 491 77 177 -1 -1 -1 0 
298 205 702 498 72 181 -1 -1 -1 0 
299 72 508 474 48 146 -1 -1 -1 0 
299 205 699 499 71 176 -1 -1 -1 0 
300 72 508 472 50 149 -1 -1 -1 0 
300 205 677 493 73 176 -1 -1 -1 0 
301 205 665 492 81 177 -1 -1 -1 0 
302 205 653 510 87 168 -1 -1 -1 0 
302 245 468 527 30 88 -1 -1 -1 0 
303 72 457 499 39 130 -1 -1 -1 0 
303 205 661 510 72 168 -1 -1 -1 0 
305 72 453 480 42 134 -1 -1 -1 0 
306 72 469 508 39 109 -1 -1 -1 0 
306 205 696 498 76 180 -1 -1 -1 0 
307 72 467 510 39 108 -1 -1 -1 0 
307 205 717 499 81 181 -1 -1 -1 0 
308 205 747 494 79 178 -1 -1 -1 0 
309 72 482 506 35 95 -1 -1 -1 0 
309 205 771 492 75 180 -1 -1 -1 0 
310 72 523 511 34 94 -1 -1 -1 0 
310 205 779 492 74 179 -1 -1 -1 0 
311 72 523 511 41 107 -1 -1 -1 0 
311 205 776 500 80 172 -1 -1 -1 0 
312 72 527 513 42 106 -1 -1 -1 0 
313 205 775 493 102 185 -1 -1 -1 0 
317 205 825 468 77 191 -1 -1 -1 0 
317 239 488 497 38 102 -1 -1 -1 0 
319 72 482 494 35 106 -1 -1 -1 0 
319 205 836 464 78 193 -1 -1 -1 0 
320 72 482 492 36 99 -1 -1 -1 0 
320 205 816 452 115 201 -1 -1 -1 0 
320 239 436 494 33 96 -1 -1 -1 0 
322 72 483 495 33 97 -1 -1 -1 0 
322 205 856 453 102 204 -1 -1 -1 0 
322 239 425 492 32 96 -1 -1 -1 0 
323 72 474 495 35 104 -1 -1 -1 0 
323 205 866 456 105 211 -1 -1 -1 0 
324 72 452 502 36 101 -1 -1 -1 0 
324 205 857 453 118 215 -1 -1 -1 0 
325 72 447 503 36 100 -1 -1 -1 0 
326 205 843 447 114 240 -1 -1 -1 0 
326 239 409 515 37 101 -1 -1 -1 0 
327 72 401 507 40 112 -1 -1 -1 0 
327 205 827 459 132 218 -1 -1 -1 0 
327 239 355 513 34 109 -1 -1 -1 0 
329 72 392 502 42 118 -1 -1 -1 0 
329 205 829 454 145 238 -1 -1 -1 0 
332 72 383 502 43 120 -1 -1 -1 0 
333 72 365 508 44 113 -1 -1 -1 0 
333 205 873 476 151 241 -1 -1 -1 0 
337 72 401 488 43 122 -1 -1 -1 0 
337 205 877 476 162 246 -1 -1 -1 0 
338 72 402 497 42 115 -1 -1 -1 0 
338 239 351 497 35 115 -1 -1 -1 0 
339 72 411 498 37 101 -1 -1 -1 0 
339 239 362 505 34 104 -1 -1 -1 0 
340 72 414 499 37 114 -1 -1 -1 0 
340 239 363 502 34 111 -1 -1 -1 0 
341 72 418 496 45 116 -1 -1 -1 0 
341 239 368 498 36 114 -1 -1 -1 0 
342 72 420 487 42 123 -1 -1 -1 0 
342 239 365 499 42 113 -1 -1 -1 0 
343 72 427 500 49 128 -1 -1 -1 0 
343 239 377 506 36 117 -1 -1 -1 0 
344 72 432 503 39 121 -1 -1 -1 0 
345 72 445 504 38 120 -1 -1 -1 0 
345 239 390 504 39 122 -1 -1 -1 0 
347 72 464 512 38 115 -1 -1 -1 0 
347 239 414 511 33 116 -1 -1 -1 0 
348 72 466 503 41 120 -1 -1 -1 0 
348 239 416 504 35 117 -1 -1 -1 0 
349 72 471 504 37 112 -1 -1 -1 0 
349 239 417 507 37 109 -1 -1 -1 0 
350 72 468 507 47 122 -1 -1 -1 0 
350 239 418 506 40 121 -1 -1 -1 0 
351 72 472 506 45 123 -1 -1 -1 0 
351 239 418 509 45 120 -1 -1 -1 0 
352 72 474 504 44 123 -1 -1 -1 0 
352 239 423 504 41 120 -1 -1 -1 0 
353 72 481 508 42 133 -1 -1 -1 0 
354 72 472 487 51 154 -1 -1 -1 0 
354 239 423 496 42 135 -1 -1 -1 0 
356 72 478 502 45 125 -1 -1 -1 0 
356 239 428 506 41 122 -1 -1 -1 0 
357 72 486 514 46 134 -1 -1 -1 0 
357 239 438 514 39 132 -1 -1 -1 0 
358 72 499 518 40 123 -1 -1 -1 0 
359 72 503 496 44 129 -1 -1 -1 0 
360 72 509 491 48 132 -1 -1 -1 0 
360 239 460 496 41 127 -1 -1 -1 0 
361 72 518 499 45 131 -1 -1 -1 0 
361 239 468 502 40 126 -1 -1 -1 0 
362 72 528 478 46 133 -1 -1 -1 0 
362 239 477 482 42 131 -1 -1 -1 0 
363 72 537 483 47 130 -1 -1 -1 0 
363 239 486 489 39 125 -1 -1 -1 0 
364 72 536 489 46 124 -1 -1 -1 0 
364 239 485 491 45 131 -1 -1 -1 0 
365 72 541 477 50 141 -1 -1 -1 0 
365 239 488 479 42 137 -1 -1 -1 0 
366 72 534 478 50 135 -1 -1 -1 0 
366 239 485 484 40 132 -1 -1 -1 0 
367 72 524 491 44 126 -1 -1 -1 0 
367 239 471 496 39 119 -1 -1 -1 0 
368 72 513 492 50 127 -1 -1 -1 0 
368 239 462 498 42 126 -1 -1 -1 0 
370 72 516 472 35 90 -1 -1 -1 0 
372 72 511 495 42 127 -1 -1 -1 0 
372 239 452 497 46 131 -1 -1 -1 0 
373 72 524 469 49 144 -1 -1 -1 0 
373 239 468 476 40 135 -1 -1 -1 0 
374 72 523 474 51 145 -1 -1 -1 0 
374 239 466 484 42 138 -1 -1 -1 0 
375 72 515 489 51 147 -1 -1 -1 0 
375 239 461 496 42 138 -1 -1 -1 0 
376 72 507 476 53 153 -1 -1 -1 0 
376 239 447 495 48 141 -1 -1 -1 0 
377 72 501 470 46 148 -1 -1 -1 0 
377 239 438 485 47 139 -1 -1 -1 0 
378 72 490 472 47 148 -1 -1 -1 0 
378 239 430 481 45 133 -1 -1 -1 0 
380 72 466 473 48 143 -1 -1 -1 0 
380 239 404 483 44 139 -1 -1 -1 0 
381 72 460 485 48 147 -1 -1 -1 0 
381 239 400 491 46 147 -1 -1 -1 0 
382 72 452 483 53 151 -1 -1 -1 0 
382 239 394 491 48 149 -1 -1 -1 0 
383 72 444 500 53 146 -1 -1 -1 0 
383 239 385 502 52 149 -1 -1 -1 0 
384 72 440 496 46 134 -1 -1 -1 0 
384 239 376 495 48 149 -1 -1 -1 0 
385 72 416 467 59 179 -1 -1 -1 0 
385 239 350 466 54 175 -1 -1 -1 0 
386 72 401 492 62 162 -1 -1 -1 0 
388 72 386 511 57 157 -1 -1 -1 0 
388 239 324 515 51 159 -1 -1 -1 0 
389 72 375 500 64 173 -1 -1 -1 0 
390 72 360 502 64 173 -1 -1 -1 0 
392 72 341 507 62 152 -1 -1 -1 0 
392 239 282 511 45 144 -1 -1 -1 0 
393 72 335 486 63 162 -1 -1 -1 0 
393 239 275 497 49 153 -1 -1 -1 0 
395 72 333 492 65 154 -1 -1 -1 0 
395 239 265 494 49 156 -1 -1 -1 0 
397 72 335 474 60 154 -1 -1 -1 0 
398 72 344 474 65 167 -1 -1 -1 0 
398 239 281 474 56 167 -1 -1 -1 0 
399 72 360 490 57 159 -1 -1 -1 0 
399 239 294 497 51 157 -1 -1 -1 0 
400 72 387 495 54 162 -1 -1 -1 0 
400 239 318 498 51 161 -1 -1 -1 0 
401 72 405 490 66 168 -1 -1 -1 0 
401 239 342 494 50 165 -1 -1 -1 0 
402 72 419 493 62 171 -1 -1 -1 0 
402 239 359 493 48 161 -1 -1 -1 0 
403 72 425 503 67 174 -1 -1 -1 0 
403 239 365 506 49 162 -1 -1 -1 0 
404 72 436 491 69 184 -1 -1 -1 0 
405 72 448 479 64 177 -1 -1 -1 0 
405 239 380 485 54 167 -1 -1 -1 0 
406 72 462 485 62 172 -1 -1 -1 0 
406 239 394 491 50 163 -1 -1 -1 0 
407 72 481 485 60 164 -1 -1 -1 0 
408 72 491 493 61 171 -1 -1 -1 0 
408 239 419 498 52 165 -1 -1 -1 0 
409 72 493 470 67 187 -1 -1 -1 0 
409 239 417 480 62 177 -1 -1 -1 0 
410 72 488 460 71 185 -1 -1 -1 0 
410 239 410 468 63 180 -1 -1 -1 0 
412 72 473 468 68 189 -1 -1 -1 0 
412 239 391 475 65 184 -1 -1 -1 0 
413 72 474 465 68 191 -1 -1 -1 0 
413 239 389 450 66 210 -1 -1 -1 0 
414 72 471 468 69 193 -1 -1 -1 0 
414 239 381 476 74 190 -1 -1 -1 0 
415 72 465 479 65 193 -1 -1 -1 0 
415 239 385 485 62 188 -1 -1 -1 0 
416 72 457 475 63 191 -1 -1 -1 0 
416 239 365 482 73 188 -1 -1 -1 0 
417 72 454 473 62 193 -1 -1 -1 0 
417 239 363 480 71 189 -1 -1 -1 0 
418 72 455 466 64 194 -1 -1 -1 0 
418 239 364 474 74 192 -1 -1 -1 0 
419 72 459 464 71 198 -1 -1 -1 0 
419 239 376 475 72 191 -1 -1 -1 0 
420 72 464 460 69 195 -1 -1 -1 0 
420 239 379 464 69 198 -1 -1 -1 0 
421 72 466 454 73 201 -1 -1 -1 0 
421 239 378 461 76 200 -1 -1 -1 0 
422 72 462 463 72 198 -1 -1 -1 0 
422 239 382 460 68 205 -1 -1 -1 0 
423 72 459 476 74 190 -1 -1 -1 0 
423 239 378 485 70 190 -1 -1 -1 0 
424 72 459 477 77 200 -1 -1 -1 0 
424 239 383 467 71 211 -1 -1 -1 0 
425 72 457 467 76 209 -1 -1 -1 0 
426 72 451 444 82 217 -1 -1 -1 0 
426 239 374 456 77 207 -1 -1 -1 0 
427 72 456 452 77 231 -1 -1 -1 0 
428 72 454 478 81 213 -1 -1 -1 0 
428 239 385 487 70 206 -1 -1 -1 0 
429 72 461 479 78 216 -1 -1 -1 0 
429 239 383 472 72 223 -1 -1 -1 0 
430 72 455 480 96 216 -1 -1 -1 0 
430 239 386 480 74 215 -1 -1 -1 0 
431 72 457 478 98 217 -1 -1 -1 0 
431 239 383 476 78 218 -1 -1 -1 0 
432 72 460 473 79 228 -1 -1 -1 0 
432 239 382 478 71 220 -1 -1 -1 0 
433 72 460 477 95 204 -1 -1 -1 0 
433 239 382 457 76 234 -1 -1 -1 0 
434 72 466 476 84 213 -1 -1 -1 0 
434 239 387 468 76 218 -1 -1 -1 0 
435 72 462 464 91 233 -1 -1 -1 0 
435 239 384 464 80 229 -1 -1 -1 0 
436 72 463 469 87 223 -1 -1 -1 0 
436 239 384 477 77 223 -1 -1 -1 0 
437 72 462 466 88 232 -1 -1 -1 0 
437 239 378 476 80 225 -1 -1 -1 0 
438 72 465 463 98 235 -1 -1 -1 0 
438 239 377 480 85 225 -1 -1 -1 0 
439 72 473 470 93 235 -1 -1 -1 0 
439 239 383 486 85 227 -1 -1 -1 0 
440 72 479 477 93 237 -1 -1 -1 0 
440 239 398 483 76 230 -1 -1 -1 0 
441 72 488 464 88 245 -1 -1 -1 0 
441 239 397 476 80 237 -1 -1 -1 0 
442 72 483 461 96 249 -1 -1 -1 0 
442 239 393 478 86 238 -1 -1 -1 0 
443 72 484 460 94 253 -1 -1 -1 0 
443 239 392 471 84 244 -1 -1 -1 0 
444 72 484 466 89 251 -1 -1 -1 0 
445 72 491 457 91 255 -1 -1 -1 0 
445 239 396 465 86 255 -1 -1 -1 0 
446 72 502 469 94 257 -1 -1 -1 0 
446 239 402 467 86 267 -1 -1 -1 0 
447 72 499 465 92 258 -1 -1 -1 0 
447 239 401 466 92 264 -1 -1 -1 0 
448 72 506 457 94 269 -1 -1 -1 0 
448 239 408 472 94 256 -1 -1 -1 0 
449 72 513 454 92 264 -1 -1 -1 0 
449 239 414 460 89 262 -1 -1 -1 0 
450 72 515 452 96 262 -1 -1 -1 0 
450 239 414 461 90 257 -1 -1 -1 0 
451 72 510 447 100 281 -1 -1 -1 0 
451 239 409 465 92 262 -1 -1 -1 0 
452 72 507 443 100 277 -1 -1 -1 0 
452 239 406 460 97 265 -1 -1 -1 0 
453 72 508 452 96 265 -1 -1 -1 0 
453 239 412 468 87 271 -1 -1 -1 0 
454 72 498 448 105 277 -1 -1 -1 0 
454 239 400 457 95 281 -1 -1 -1 0 
455 72 491 431 107 287 -1 -1 -1 0 
455 239 396 455 90 278 -1 -1 -1 0 
456 72 479 439 108 287 -1 -1 -1 0 
456 239 379 462 99 279 -1 -1 -1 0 
457 72 472 445 106 294 -1 -1 -1 0 
457 239 375 466 93 281 -1 -1 -1 0 
458 72 472 443 115 295 -1 -1 -1 0 
458 239 372 464 96 283 -1 -1 -1 0 
459 72 476 430 134 307 -1 -1 -1 0 
459 239 377 457 105 287 -1 -1 -1 0 
460 72 478 436 129 312 -1 -1 -1 0 
460 239 379 460 101 292 -1 -1 -1 0 
461 72 483 434 115 317 -1 -1 -1 0 
461 239 375 455 104 300 -1 -1 -1 0 
462 72 483 439 122 318 -1 -1 -1 0 
462 239 380 458 103 305 -1 -1 -1 0 
463 72 478 438 152 326 -1 -1 -1 0 
463 239 384 456 107 313 -1 -1 -1 0 
464 72 488 437 140 332 -1 -1 -1 0 
464 239 383 457 112 315 -1 -1 -1 0 
465 72 487 446 146 323 -1 -1 -1 0 
465 239 375 452 113 323 -1 -1 -1 0 
466 72 476 435 149 338 -1 -1 -1 0 
466 239 365 452 114 328 -1 -1 -1 0 
467 72 471 446 145 329 -1 -1 -1 0 
467 239 356 465 114 324 -1 -1 -1 0 
468 72 440 429 178 350 -1 -1 -1 0 
468 239 341 456 116 337 -1 -1 -1 0 
469 72 451 422 168 356 -1 -1 -1 0 
469 239 337 453 115 339 -1 -1 -1 0 
470 72 452 421 167 359 -1 -1 -1 0 
470 239 333 456 114 344 -1 -1 -1 0 
471 72 441 425 167 357 -1 -1 -1 0 
471 239 323 461 111 347 -1 -1 -1 0 
472 72 421 411 176 367 -1 -1 -1 0 
472 239 291 449 123 362 -1 -1 -1 0 
473 72 401 417 175 369 -1 -1 -1 0 
473 239 266 459 126 354 -1 -1 -1 0 
474 72 396 419 160 373 -1 -1 -1 0 
474 239 228 435 151 377 -1 -1 -1 0 
475 72 366 401 161 395 -1 -1 -1 0 
475 239 214 446 134 373 -1 -1 -1 0 
476 72 347 401 159 400 -1 -1 -1 0 
476 239 179 439 152 386 -1 -1 -1 0 
477 72 328 412 159 396 -1 -1 -1 0 
477 239 162 442 152 395 -1 -1 -1 0 
478 72 318 396 169 414 -1 -1 -1 0 
478 239 144 440 162 402 -1 -1 -1 0 
479 72 318 396 162 428 -1 -1 -1 0 
479 239 143 438 159 417 -1 -1 -1 0 
480 72 312 401 159 415 -1 -1 -1 0 
480 239 114 429 180 437 -1 -1 -1 0 
481 72 293 384 168 447 -1 -1 -1 0 
481 239 108 442 160 429 -1 -1 -1 0 
482 72 279 411 170 445 -1 -1 -1 0 
482 239 78 452 178 442 -1 -1 -1 0 
483 72 263 400 181 458 -1 -1 -1 0 
483 239 70 450 168 449 -1 -1 -1 0 
484 72 244 392 181 471 -1 -1 -1 0 
484 239 38 443 182 462 -1 -1 -1 0 
485 72 211 391 194 483 -1 -1 -1 0 
485 239 2 447 195 480 -1 -1 -1 0 
486 72 175 401 200 487 -1 -1 -1 0 
486 239 0 448 162 491 -1 -1 -1 0 
487 72 132 386 217 510 -1 -1 -1 0 
487 239 0 439 122 506 -1 -1 -1 0 
488 72 109 392 211 516 -1 -1 -1 0 
488 239 0 459 99 495 -1 -1 -1 0 
489 72 73 387 219 525 -1 -1 -1 0 
490 72 46 373 232 533 -1 -1 -1 0 
491 72 9 360 262 562 -1 -1 -1 0 
492 72 0 354 245 575 -1 -1 -1 0 
493 72 0 355 225 587 -1 -1 -1 0 
494 72 0 353 218 604 -1 -1 -1 0 
495 72 0 330 216 645 -1 -1 -1 0 
496 72 0 328 216 650 -1 -1 -1 0 
497 72 0 323 206 671 -1 -1 -1 0 
498 72 0 300 190 725 -1 -1 -1 0 
499 72 0 284 173 747 -1 -1 -1 0 
502 72 0 272 163 759 -1 -1 -1 0 
503 72 0 246 159 795 -1 -1 -1 0 
504 72 0 240 161 808 -1 -1 -1 0 
505 72 0 225 170 859 -1 -1 -1 0 
506 72 0 265 170 837 -1 -1 -1 0 
507 72 0 245 174 880 -1 -1 -1 0 
514 72 0 239 168 900 -1 -1 -1 0 
516 72 815 551 81 132 -1 -1 -1 0 
517 72 807 561 84 135 -1 -1 -1 0 
523 72 856 581 89 136 -1 -1 -1 0 
524 72 864 590 92 139 -1 -1 -1 0 
532 72 876 597 93 141 -1 -1 -1 0 
585 290 0 543 105 173 -1 -1 -1 0 
585 291 78 523 137 174 -1 -1 -1 0 
586 290 0 524 107 192 -1 -1 -1 0 
586 291 59 508 149 185 -1 -1 -1 0 
589 290 1 523 95 214 -1 -1 -1 0 
589 291 52 503 152 188 -1 -1 -1 0 
590 290 0 535 108 212 -1 -1 -1 0 
591 290 0 564 124 189 -1 -1 -1 0 
592 290 1 548 117 216 -1 -1 -1 0 
593 290 0 547 121 223 -1 -1 -1 0 
594 295 421 489 41 126 -1 -1 -1 0 
595 295 417 478 48 137 -1 -1 -1 0 
596 295 414 464 54 136 -1 -1 -1 0 
597 295 418 456 56 139 -1 -1 -1 0 
598 295 439 488 47 115 -1 -1 -1 0 
598 301 56 521 129 221 -1 -1 -1 0 
599 295 448 472 51 139 -1 -1 -1 0 
599 301 53 523 173 222 -1 -1 -1 0 
600 295 463 479 48 140 -1 -1 -1 0 
600 301 57 511 183 244 -1 -1 -1 0 
601 295 466 484 44 130 -1 -1 -1 0 
601 301 50 516 124 242 -1 -1 -1 0 
601 303 383 472 52 139 -1 -1 -1 0 
602 295 455 461 58 162 -1 -1 -1 0 
602 301 42 522 134 245 -1 -1 -1 0 
602 303 389 475 49 138 -1 -1 -1 0 
603 295 444 450 47 166 -1 -1 -1 0 
604 295 422 464 57 165 -1 -1 -1 0 
605 295 412 459 53 165 -1 -1 -1 0 
605 301 6 527 116 257 -1 -1 -1 0 
606 295 403 454 57 157 -1 -1 -1 0 
606 301 2 526 99 260 -1 -1 -1 0 
607 295 402 454 55 160 -1 -1 -1 0 
609 295 386 452 63 154 -1 -1 -1 0 
610 295 401 438 63 184 -1 -1 -1 0 
611 295 405 444 65 180 -1 -1 -1 0 
612 295 409 440 65 190 -1 -1 -1 0 
613 295 395 434 69 200 -1 -1 -1 0 
613 308 461 466 44 132 -1 -1 -1 0 
614 295 380 438 67 202 -1 -1 -1 0 
614 308 457 470 50 134 -1 -1 -1 0 
615 295 362 440 72 206 -1 -1 -1 0 
615 308 455 475 50 132 -1 -1 -1 0 
616 295 352 462 67 196 -1 -1 -1 0 
616 308 458 477 51 136 -1 -1 -1 0 
617 295 331 441 82 219 -1 -1 -1 0 
617 308 457 485 49 128 -1 -1 -1 0 
618 295 315 440 76 219 -1 -1 -1 0 
619 295 281 431 93 240 -1 -1 -1 0 
620 295 248 449 104 211 -1 -1 -1 0 
621 295 236 455 88 241 -1 -1 -1 0 
622 295 208 427 98 260 -1 -1 -1 0 
623 295 208 443 90 260 -1 -1 -1 0 
624 295 198 423 102 283 -1 -1 -1 0 
625 295 217 413 104 285 -1 -1 -1 0 
626 295 224 397 105 297 -1 -1 -1 0 
627 295 238 401 105 304 -1 -1 -1 0 
628 295 269 415 98 297 -1 -1 -1 0 
629 295 285 416 107 318 -1 -1 -1 0 
630 295 286 383 114 356 -1 -1 -1 0 
631 295 291 409 123 348 -1 -1 -1 0 
632 295 282 422 128 361 -1 -1 -1 0 
633 295 280 419 131 356 -1 -1 -1 0 
634 295 270 418 129 383 -1 -1 -1 0 
634 313 725 484 67 161 -1 -1 -1 0 
635 295 238 407 148 414 -1 -1 -1 0 
635 313 719 500 60 147 -1 -1 -1 0 
636 295 208 420 144 429 -1 -1 -1 0 
636 313 709 510 60 149 -1 -1 -1 0 
637 295 162 391 158 460 -1 -1 -1 0 
637 313 708 490 63 153 -1 -1 -1 0 
638 295 126 384 178 493 -1 -1 -1 0 
638 313 714 473 64 174 -1 -1 -1 0 
639 295 137 380 188 515 -1 -1 -1 0 
640 295 122 375 201 556 -1 -1 -1 0 
641 295 94 345 210 600 -1 -1 -1 0 
642 295 67 324 234 631 -1 -1 -1 0 
643 295 28 347 234 658 -1 -1 -1 0 
644 295 1 314 223 716 -1 -1 -1 0 
645 295 3 275 173 771 -1 -1 -1 0 
647 295 0 266 153 797 -1 -1 -1 0 
648 316 801 475 88 168 -1 -1 -1 0 
649 316 791 487 88 168 -1 -1 -1 0 
714 330 214 538 34 94 -1 -1 -1 0 
720 330 225 557 33 92 -1 -1 -1 0 
721 330 219 552 32 92 -1 -1 -1 0 
722 330 206 551 32 92 -1 -1 -1 0 
724 330 200 565 32 82 -1 -1 -1 0 
725 330 202 561 32 86 -1 -1 -1 0 
726 330 205 555 31 93 -1 -1 -1 0 
727 330 200 563 34 87 -1 -1 -1 0 
729 330 211 550 35 96 -1 -1 -1 0 
