14 1 847 493 232 421 -1 -1 -1 0 
17 1 846 493 233 427 -1 -1 -1 0 
45 11 764 425 314 465 -1 -1 -1 0 
48 11 842 501 237 482 -1 -1 -1 0 
50 11 854 523 225 500 -1 -1 -1 0 
57 16 838 505 241 498 -1 -1 -1 0 
58 16 849 514 230 512 -1 -1 -1 0 
61 16 883 504 196 470 -1 -1 -1 0 
62 16 870 512 209 459 -1 -1 -1 0 
63 16 881 488 198 488 -1 -1 -1 0 
64 16 902 510 177 468 -1 -1 -1 0 
65 16 922 519 157 479 -1 -1 -1 0 
65 19 775 516 289 377 -1 -1 -1 0 
66 16 923 523 156 493 -1 -1 -1 0 
67 16 932 527 147 496 -1 -1 -1 0 
68 19 787 506 292 422 -1 -1 -1 0 
69 19 802 528 277 415 -1 -1 -1 0 
71 19 834 481 244 470 -1 -1 -1 0 
75 19 888 450 188 578 -1 -1 -1 0 
81 19 905 443 174 605 -1 -1 -1 0 
87 11 757 525 250 358 -1 -1 -1 0 
88 11 754 526 249 353 -1 -1 -1 0 
88 16 910 534 169 487 -1 -1 -1 0 
89 16 932 533 147 501 -1 -1 -1 0 
92 16 936 535 143 503 -1 -1 -1 0 
94 26 253 530 32 72 -1 -1 -1 0 
95 26 258 534 33 75 -1 -1 -1 0 
96 29 673 511 35 98 -1 -1 -1 0 
97 29 675 510 33 90 -1 -1 -1 0 
98 29 677 508 31 87 -1 -1 -1 0 
99 32 934 475 97 200 -1 -1 -1 0 
100 32 942 470 95 194 -1 -1 -1 0 
106 32 924 474 129 216 -1 -1 -1 0 
107 32 947 461 112 237 -1 -1 -1 0 
108 32 944 461 127 279 -1 -1 -1 0 
109 32 956 459 113 238 -1 -1 -1 0 
110 32 975 451 102 216 -1 -1 -1 0 
112 32 965 466 106 262 -1 -1 -1 0 
113 32 967 461 107 265 -1 -1 -1 0 
114 32 968 437 111 261 -1 -1 -1 0 
114 29 661 501 37 103 -1 -1 -1 0 
114 47 721 503 34 103 -1 -1 -1 0 
115 32 971 432 108 267 -1 -1 -1 0 
115 29 660 498 35 99 -1 -1 -1 0 
116 32 974 468 105 245 -1 -1 -1 0 
116 29 653 501 36 98 -1 -1 -1 0 
116 47 714 502 38 102 -1 -1 -1 0 
116 48 754 503 42 105 -1 -1 -1 0 
117 32 979 466 100 245 -1 -1 -1 0 
117 29 653 519 37 101 -1 -1 -1 0 
117 47 711 520 42 104 -1 -1 -1 0 
117 48 752 520 42 107 -1 -1 -1 0 
118 32 982 466 97 247 -1 -1 -1 0 
118 29 647 518 39 115 -1 -1 -1 0 
118 47 709 518 41 102 -1 -1 -1 0 
119 29 650 508 41 117 -1 -1 -1 0 
119 47 719 506 38 103 -1 -1 -1 0 
119 48 758 507 40 102 -1 -1 -1 0 
120 29 646 515 43 114 -1 -1 -1 0 
120 47 717 510 38 106 -1 -1 -1 0 
120 48 756 508 39 106 -1 -1 -1 0 
121 29 644 516 43 115 -1 -1 -1 0 
121 47 719 493 45 114 -1 -1 -1 0 
121 48 762 493 44 114 -1 -1 -1 0 
121 51 885 487 51 134 -1 -1 -1 0 
122 47 719 490 46 117 -1 -1 -1 0 
122 48 758 522 42 101 -1 -1 -1 0 
122 51 872 506 50 133 -1 -1 -1 0 
123 47 737 492 44 113 -1 -1 -1 0 
123 48 780 502 40 104 -1 -1 -1 0 
123 51 869 516 50 132 -1 -1 -1 0 
123 32 994 458 85 273 -1 -1 -1 0 
125 47 734 511 42 114 -1 -1 -1 0 
125 48 766 514 47 109 -1 -1 -1 0 
125 32 1008 462 71 270 -1 -1 -1 0 
126 47 737 514 42 113 -1 -1 -1 0 
126 48 772 519 43 110 -1 -1 -1 0 
126 51 892 506 48 134 -1 -1 -1 0 
126 32 1020 467 59 270 -1 -1 -1 0 
127 47 749 505 41 118 -1 -1 -1 0 
127 48 782 506 48 115 -1 -1 -1 0 
127 51 911 495 51 134 -1 -1 -1 0 
128 47 750 522 42 118 -1 -1 -1 0 
128 48 778 526 51 116 -1 -1 -1 0 
128 51 901 529 58 137 -1 -1 -1 0 
129 27 201 527 37 83 -1 -1 -1 0 
129 47 753 525 42 118 -1 -1 -1 0 
130 27 198 527 37 82 -1 -1 -1 0 
130 47 788 494 47 121 -1 -1 -1 0 
131 47 763 522 41 117 -1 -1 -1 0 
131 48 795 522 47 117 -1 -1 -1 0 
131 51 922 513 58 143 -1 -1 -1 0 
132 47 777 530 40 116 -1 -1 -1 0 
132 48 810 534 42 114 -1 -1 -1 0 
132 51 932 524 57 142 -1 -1 -1 0 
133 47 782 533 39 116 -1 -1 -1 0 
133 48 799 507 42 116 -1 -1 -1 0 
133 51 953 505 52 145 -1 -1 -1 0 
134 48 818 508 41 116 -1 -1 -1 0 
134 51 970 507 56 145 -1 -1 -1 0 
135 47 801 511 42 120 -1 -1 -1 0 
135 48 835 509 47 122 -1 -1 -1 0 
135 51 971 489 59 149 -1 -1 -1 0 
136 47 791 501 42 122 -1 -1 -1 0 
136 48 826 500 46 123 -1 -1 -1 0 
136 51 956 489 53 148 -1 -1 -1 0 
137 47 795 504 47 122 -1 -1 -1 0 
137 48 836 502 46 124 -1 -1 -1 0 
137 51 969 482 52 150 -1 -1 -1 0 
138 47 794 511 43 122 -1 -1 -1 0 
138 48 834 512 52 125 -1 -1 -1 0 
138 51 980 477 58 157 -1 -1 -1 0 
139 47 798 512 42 123 -1 -1 -1 0 
140 48 830 499 48 131 -1 -1 -1 0 
140 51 957 498 57 150 -1 -1 -1 0 
141 47 788 491 48 130 -1 -1 -1 0 
141 48 827 491 51 134 -1 -1 -1 0 
142 47 799 492 46 128 -1 -1 -1 0 
142 48 836 490 45 131 -1 -1 -1 0 
142 51 965 489 69 156 -1 -1 -1 0 
143 47 802 491 46 128 -1 -1 -1 0 
143 48 850 499 47 135 -1 -1 -1 0 
144 48 842 488 48 134 -1 -1 -1 0 
144 51 984 471 63 168 -1 -1 -1 0 
145 48 846 492 51 135 -1 -1 -1 0 
145 51 990 469 64 168 -1 -1 -1 0 
146 47 797 509 45 127 -1 -1 -1 0 
146 48 832 501 54 138 -1 -1 -1 0 
146 51 986 471 61 171 -1 -1 -1 0 
147 47 806 487 47 136 -1 -1 -1 0 
147 48 842 489 54 140 -1 -1 -1 0 
147 51 970 494 62 167 -1 -1 -1 0 
148 47 796 503 50 139 -1 -1 -1 0 
148 48 838 500 53 143 -1 -1 -1 0 
148 51 972 496 61 167 -1 -1 -1 0 
149 26 116 528 46 84 -1 -1 -1 0 
149 47 796 503 52 142 -1 -1 -1 0 
149 48 850 455 52 150 -1 -1 -1 0 
150 27 111 529 47 83 -1 -1 -1 0 
150 48 829 469 70 157 -1 -1 -1 0 
151 48 836 494 55 147 -1 -1 -1 0 
151 51 965 473 68 176 -1 -1 -1 0 
152 48 857 457 66 153 -1 -1 -1 0 
153 47 808 479 64 153 -1 -1 -1 0 
153 48 854 476 63 153 -1 -1 -1 0 
153 51 1015 455 64 181 -1 -1 -1 0 
154 47 817 489 53 146 -1 -1 -1 0 
154 48 856 484 59 153 -1 -1 -1 0 
154 51 996 471 71 178 -1 -1 -1 0 
155 47 815 487 55 148 -1 -1 -1 0 
155 48 857 484 61 153 -1 -1 -1 0 
155 51 1009 466 69 181 -1 -1 -1 0 
156 47 824 474 51 156 -1 -1 -1 0 
156 48 862 477 56 153 -1 -1 -1 0 
156 51 1003 467 76 184 -1 -1 -1 0 
157 47 836 476 50 152 -1 -1 -1 0 
157 48 875 476 55 154 -1 -1 -1 0 
157 51 1018 456 61 186 -1 -1 -1 0 
158 47 840 475 49 152 -1 -1 -1 0 
158 48 884 453 55 161 -1 -1 -1 0 
158 51 1023 449 56 188 -1 -1 -1 0 
159 47 828 473 51 158 -1 -1 -1 0 
159 48 867 472 63 160 -1 -1 -1 0 
159 51 1032 471 47 178 -1 -1 -1 0 
160 47 834 466 59 173 -1 -1 -1 0 
160 48 880 465 54 168 -1 -1 -1 0 
160 51 1030 453 49 186 -1 -1 -1 0 
161 47 832 482 59 174 -1 -1 -1 0 
161 48 873 486 59 168 -1 -1 -1 0 
161 51 1022 466 57 191 -1 -1 -1 0 
161 79 740 501 35 100 -1 -1 -1 0 
161 81 651 483 51 131 -1 -1 -1 0 
162 47 835 491 58 164 -1 -1 -1 0 
162 48 879 493 64 166 -1 -1 -1 0 
162 51 1041 474 38 191 -1 -1 -1 0 
162 79 742 516 33 96 -1 -1 -1 0 
162 81 653 501 49 124 -1 -1 -1 0 
163 47 845 486 54 173 -1 -1 -1 0 
163 48 886 488 58 170 -1 -1 -1 0 
163 51 1032 491 47 189 -1 -1 -1 0 
163 79 741 512 37 93 -1 -1 -1 0 
163 81 651 491 47 127 -1 -1 -1 0 
164 47 845 486 66 169 -1 -1 -1 0 
164 48 889 479 69 177 -1 -1 -1 0 
164 51 1034 494 45 190 -1 -1 -1 0 
165 47 848 486 67 171 -1 -1 -1 0 
165 48 891 501 70 195 -1 -1 -1 0 
165 81 652 505 48 127 -1 -1 -1 0 
166 48 912 484 68 197 -1 -1 -1 0 
166 81 672 489 50 134 -1 -1 -1 0 
167 48 917 484 70 201 -1 -1 -1 0 
168 48 942 478 71 204 -1 -1 -1 0 
168 81 684 480 50 143 -1 -1 -1 0 
169 47 906 473 70 187 -1 -1 -1 0 
169 48 953 467 81 203 -1 -1 -1 0 
169 81 681 490 52 140 -1 -1 -1 0 
170 47 929 494 89 186 -1 -1 -1 0 
170 48 961 466 82 206 -1 -1 -1 0 
170 81 682 490 55 146 -1 -1 -1 0 
171 47 916 494 70 178 -1 -1 -1 0 
171 48 964 495 73 184 -1 -1 -1 0 
171 81 694 486 50 139 -1 -1 -1 0 
171 87 19 522 23 57 -1 -1 -1 0 
172 47 936 478 70 186 -1 -1 -1 0 
172 48 984 477 72 193 -1 -1 -1 0 
172 81 694 491 55 139 -1 -1 -1 0 
173 47 949 461 70 202 -1 -1 -1 0 
173 48 997 468 71 200 -1 -1 -1 0 
174 47 971 491 70 201 -1 -1 -1 0 
174 48 1019 494 60 209 -1 -1 -1 0 
175 47 989 494 77 215 -1 -1 -1 0 
176 47 1006 473 73 198 -1 -1 -1 0 
177 47 1017 472 62 200 -1 -1 -1 0 
178 47 1031 469 48 205 -1 -1 -1 0 
179 47 1043 467 36 209 -1 -1 -1 0 
180 81 753 480 67 148 -1 -1 -1 0 
181 81 751 491 80 159 -1 -1 -1 0 
182 81 751 477 79 187 -1 -1 -1 0 
184 81 739 490 60 160 -1 -1 -1 0 
185 81 742 476 61 165 -1 -1 -1 0 
186 81 747 479 60 163 -1 -1 -1 0 
187 81 752 482 62 177 -1 -1 -1 0 
188 81 747 472 73 185 -1 -1 -1 0 
191 81 746 465 69 182 -1 -1 -1 0 
192 81 725 467 94 190 -1 -1 -1 0 
193 81 751 479 65 186 -1 -1 -1 0 
194 81 749 479 66 185 -1 -1 -1 0 
195 81 755 458 64 185 -1 -1 -1 0 
196 81 759 446 71 196 -1 -1 -1 0 
196 81 756 454 65 187 -1 -1 -1 0 
197 81 762 474 65 188 -1 -1 -1 0 
198 81 766 476 63 189 -1 -1 -1 0 
198 81 770 464 66 195 -1 -1 -1 0 
200 81 752 429 68 201 -1 -1 -1 0 
200 115 816 463 44 132 -1 -1 -1 0 
201 81 737 441 71 201 -1 -1 -1 0 
201 98 751 423 69 204 -1 -1 -1 0 
201 115 809 446 43 129 -1 -1 -1 0 
202 81 717 450 72 206 -1 -1 -1 0 
203 81 712 438 73 197 -1 -1 -1 0 
205 81 693 432 110 210 -1 -1 -1 0 
206 81 698 433 79 208 -1 -1 -1 0 
207 81 698 455 77 208 -1 -1 -1 0 
208 81 699 456 76 212 -1 -1 -1 0 
209 81 677 442 109 248 -1 -1 -1 0 
210 81 671 441 115 254 -1 -1 -1 0 
215 81 766 432 94 252 -1 -1 -1 0 
216 81 771 431 97 256 -1 -1 -1 0 
217 81 787 451 102 270 -1 -1 -1 0 
218 81 792 452 107 275 -1 -1 -1 0 
221 81 813 447 141 293 -1 -1 -1 0 
222 81 873 441 102 259 -1 -1 -1 0 
223 81 892 420 103 304 -1 -1 -1 0 
224 81 885 429 116 289 -1 -1 -1 0 
225 81 899 442 110 255 -1 -1 -1 0 
225 136 899 422 117 294 -1 -1 -1 0 
225 139 523 498 28 72 -1 -1 -1 0 
226 81 915 443 106 284 -1 -1 -1 0 
226 139 527 505 28 76 -1 -1 -1 0 
226 142 834 475 91 220 -1 -1 -1 0 
227 81 896 424 154 331 -1 -1 -1 0 
228 81 903 422 162 341 -1 -1 -1 0 
230 81 953 427 126 311 -1 -1 -1 0 
231 81 957 415 122 294 -1 -1 -1 0 
232 81 973 391 106 316 -1 -1 -1 0 
232 136 968 411 111 296 -1 -1 -1 0 
233 81 984 386 95 321 -1 -1 -1 0 
234 149 162 528 42 114 -1 -1 -1 0 
235 149 172 547 36 100 -1 -1 -1 0 
238 139 509 529 32 80 -1 -1 -1 0 
239 139 497 528 31 80 -1 -1 -1 0 
240 139 494 501 31 79 -1 -1 -1 0 
242 139 492 499 30 79 -1 -1 -1 0 
242 157 832 429 79 225 -1 -1 -1 0 
243 157 828 422 87 249 -1 -1 -1 0 
243 142 924 378 113 326 -1 -1 -1 0 
244 142 923 387 134 327 -1 -1 -1 0 
245 142 939 379 140 332 -1 -1 -1 0 
245 159 41 483 71 157 -1 -1 -1 0 
246 142 944 377 135 335 -1 -1 -1 0 
246 159 39 533 66 117 -1 -1 -1 0 
246 137 840 448 76 190 -1 -1 -1 0 
247 139 456 505 34 81 -1 -1 -1 0 
247 142 956 381 123 364 -1 -1 -1 0 
247 159 31 542 65 113 -1 -1 -1 0 
248 139 456 517 32 85 -1 -1 -1 0 
248 142 968 367 111 368 -1 -1 -1 0 
249 139 455 518 33 84 -1 -1 -1 0 
249 142 966 368 113 361 -1 -1 -1 0 
249 159 21 505 61 155 -1 -1 -1 0 
250 139 444 514 33 90 -1 -1 -1 0 
250 142 985 359 94 352 -1 -1 -1 0 
250 159 13 503 63 162 -1 -1 -1 0 
251 139 428 498 36 92 -1 -1 -1 0 
251 142 993 354 86 357 -1 -1 -1 0 
252 139 421 497 37 92 -1 -1 -1 0 
253 137 855 423 93 218 -1 -1 -1 0 
254 137 853 430 93 220 -1 -1 -1 0 
255 137 872 413 92 233 -1 -1 -1 0 
255 139 408 505 38 92 -1 -1 -1 0 
256 137 866 408 107 238 -1 -1 -1 0 
256 139 399 502 44 95 -1 -1 -1 0 
257 137 865 416 96 237 -1 -1 -1 0 
257 139 392 498 38 95 -1 -1 -1 0 
257 166 88 543 32 91 -1 -1 -1 0 
258 137 876 423 112 241 -1 -1 -1 0 
258 139 393 507 36 101 -1 -1 -1 0 
258 166 67 546 37 92 -1 -1 -1 0 
259 137 877 441 113 247 -1 -1 -1 0 
259 139 391 520 38 100 -1 -1 -1 0 
259 166 72 564 36 89 -1 -1 -1 0 
260 137 908 425 110 256 -1 -1 -1 0 
260 139 388 528 41 102 -1 -1 -1 0 
260 166 70 574 36 86 -1 -1 -1 0 
261 137 914 420 115 261 -1 -1 -1 0 
262 137 926 429 114 272 -1 -1 -1 0 
262 139 377 522 47 110 -1 -1 -1 0 
263 139 375 520 41 116 -1 -1 -1 0 
263 137 920 442 121 265 -1 -1 -1 0 
263 164 373 524 49 113 -1 -1 -1 0 
264 139 371 515 44 113 -1 -1 -1 0 
264 137 925 446 129 270 -1 -1 -1 0 
265 139 366 507 43 119 -1 -1 -1 0 
265 137 946 429 133 280 -1 -1 -1 0 
265 170 97 548 30 76 -1 -1 -1 0 
266 139 353 487 50 118 -1 -1 -1 0 
266 137 951 409 128 283 -1 -1 -1 0 
267 139 354 466 49 121 -1 -1 -1 0 
269 139 357 499 43 125 -1 -1 -1 0 
269 137 1003 423 76 312 -1 -1 -1 0 
270 139 354 500 43 127 -1 -1 -1 0 
270 137 1023 430 56 321 -1 -1 -1 0 
271 137 1037 431 42 328 -1 -1 -1 0 
271 139 347 490 58 139 -1 -1 -1 0 
272 166 57 523 53 118 -1 -1 -1 0 
273 177 0 517 57 141 -1 -1 -1 0 
274 139 386 510 51 134 -1 -1 -1 0 
274 177 0 477 56 145 -1 -1 -1 0 
275 139 387 512 52 134 -1 -1 -1 0 
276 139 388 454 59 150 -1 -1 -1 0 
277 139 393 485 53 146 -1 -1 -1 0 
278 139 394 490 52 145 -1 -1 -1 0 
279 139 377 477 56 150 -1 -1 -1 0 
279 139 397 491 50 146 -1 -1 -1 0 
280 139 358 468 67 162 -1 -1 -1 0 
280 180 0 491 39 143 -1 -1 -1 0 
281 139 373 492 60 161 -1 -1 -1 0 
282 139 374 493 55 159 -1 -1 -1 0 
283 139 367 468 62 171 -1 -1 -1 0 
284 139 353 448 66 179 -1 -1 -1 0 
285 139 357 464 61 176 -1 -1 -1 0 
286 139 369 470 60 180 -1 -1 -1 0 
287 139 363 448 61 190 -1 -1 -1 0 
288 139 362 472 64 184 -1 -1 -1 0 
289 139 341 459 93 187 -1 -1 -1 0 
290 139 346 475 72 196 -1 -1 -1 0 
291 139 346 465 79 207 -1 -1 -1 0 
292 139 333 433 73 219 -1 -1 -1 0 
293 139 325 450 76 213 -1 -1 -1 0 
294 139 325 458 96 225 -1 -1 -1 0 
295 139 322 436 85 235 -1 -1 -1 0 
296 139 310 452 92 247 -1 -1 -1 0 
297 139 311 435 95 270 -1 -1 -1 0 
298 139 314 428 92 268 -1 -1 -1 0 
298 166 192 489 38 113 -1 -1 -1 0 
299 139 301 419 101 288 -1 -1 -1 0 
299 166 197 488 38 112 -1 -1 -1 0 
300 139 306 428 104 290 -1 -1 -1 0 
301 139 308 427 102 307 -1 -1 -1 0 
301 177 107 542 36 77 -1 -1 -1 0 
302 139 289 415 117 321 -1 -1 -1 0 
303 139 281 397 119 341 -1 -1 -1 0 
304 139 267 386 132 355 -1 -1 -1 0 
305 139 270 410 125 366 -1 -1 -1 0 
306 139 242 376 139 416 -1 -1 -1 0 
307 139 216 376 157 403 -1 -1 -1 0 
308 139 203 378 155 450 -1 -1 -1 0 
309 139 158 345 164 465 -1 -1 -1 0 
310 139 118 329 195 500 -1 -1 -1 0 
311 139 89 326 200 539 -1 -1 -1 0 
312 139 61 305 201 600 -1 -1 -1 0 
313 139 0 245 254 691 -1 -1 -1 0 
314 139 0 215 205 766 -1 -1 -1 0 
315 139 0 172 166 914 -1 -1 -1 0 
316 139 2 168 110 933 -1 -1 -1 0 
317 139 0 156 76 968 -1 -1 -1 0 
396 221 906 490 48 120 -1 -1 -1 0 
398 221 914 480 53 135 -1 -1 -1 0 
399 221 906 480 56 131 -1 -1 -1 0 
400 221 909 490 50 135 -1 -1 -1 0 
401 221 916 478 52 137 -1 -1 -1 0 
408 221 922 476 51 139 -1 -1 -1 0 
410 221 963 483 52 151 -1 -1 -1 0 
411 221 965 470 55 152 -1 -1 -1 0 
419 221 975 468 55 155 -1 -1 -1 0 
503 232 411 511 31 76 -1 -1 -1 0 
519 232 406 519 28 77 -1 -1 -1 0 
520 232 404 520 28 78 -1 -1 -1 0 
527 235 984 475 69 157 -1 -1 -1 0 
528 235 990 475 65 161 -1 -1 -1 0 
529 235 995 458 84 179 -1 -1 -1 0 
531 235 1015 450 64 184 -1 -1 -1 0 
532 235 1021 458 58 177 -1 -1 -1 0 
534 235 1029 457 50 179 -1 -1 -1 0 
547 251 633 480 46 139 -1 -1 -1 0 
548 251 630 491 51 139 -1 -1 -1 0 
550 251 635 481 58 147 -1 -1 -1 0 
552 251 633 475 64 148 -1 -1 -1 0 
553 251 629 479 64 150 -1 -1 -1 0 
554 251 625 458 68 155 -1 -1 -1 0 
554 255 797 475 51 116 -1 -1 -1 0 
555 251 619 472 66 149 -1 -1 -1 0 
555 255 787 465 79 158 -1 -1 -1 0 
555 257 1017 445 53 129 -1 -1 -1 0 
556 251 612 465 64 154 -1 -1 -1 0 
557 251 602 457 76 161 -1 -1 -1 0 
558 251 599 453 79 165 -1 -1 -1 0 
560 251 616 470 66 167 -1 -1 -1 0 
561 251 604 476 71 166 -1 -1 -1 0 
562 251 612 487 62 156 -1 -1 -1 0 
563 251 606 487 61 165 -1 -1 -1 0 
564 251 599 475 62 171 -1 -1 -1 0 
565 251 610 472 68 176 -1 -1 -1 0 
566 251 606 473 78 174 -1 -1 -1 0 
567 251 606 480 77 183 -1 -1 -1 0 
568 251 602 463 82 190 -1 -1 -1 0 
568 255 780 469 51 129 -1 -1 -1 0 
569 251 609 482 77 186 -1 -1 -1 0 
569 255 779 468 50 130 -1 -1 -1 0 
570 251 622 464 73 191 -1 -1 -1 0 
571 251 626 457 79 196 -1 -1 -1 0 
572 251 624 465 82 192 -1 -1 -1 0 
573 251 640 460 76 200 -1 -1 -1 0 
574 251 638 477 85 196 -1 -1 -1 0 
575 251 650 466 82 203 -1 -1 -1 0 
576 251 650 464 88 207 -1 -1 -1 0 
577 251 652 459 89 210 -1 -1 -1 0 
577 255 805 458 57 146 -1 -1 -1 0 
578 251 651 455 81 214 -1 -1 -1 0 
579 251 664 462 92 214 -1 -1 -1 0 
580 251 658 464 89 215 -1 -1 -1 0 
580 255 794 474 77 159 -1 -1 -1 0 
581 251 673 469 90 221 -1 -1 -1 0 
581 255 807 469 65 161 -1 -1 -1 0 
582 251 666 476 89 212 -1 -1 -1 0 
582 255 809 470 65 162 -1 -1 -1 0 
583 251 680 461 83 219 -1 -1 -1 0 
584 251 687 452 95 236 -1 -1 -1 0 
584 255 804 475 75 169 -1 -1 -1 0 
585 251 696 460 95 232 -1 -1 -1 0 
585 255 820 474 71 165 -1 -1 -1 0 
586 251 701 460 96 234 -1 -1 -1 0 
586 255 823 475 71 166 -1 -1 -1 0 
587 251 721 463 96 238 -1 -1 -1 0 
587 255 843 475 65 168 -1 -1 -1 0 
588 251 727 468 99 247 -1 -1 -1 0 
588 255 851 481 68 171 -1 -1 -1 0 
589 251 740 452 95 252 -1 -1 -1 0 
589 255 853 469 66 173 -1 -1 -1 0 
589 300 644 439 96 263 -1 -1 -1 0 
590 251 735 445 115 300 -1 -1 -1 0 
590 255 859 451 78 189 -1 -1 -1 0 
590 300 658 435 99 270 -1 -1 -1 0 
591 251 738 467 100 269 -1 -1 -1 0 
591 255 851 476 80 175 -1 -1 -1 0 
592 251 751 459 102 264 -1 -1 -1 0 
592 255 855 472 75 179 -1 -1 -1 0 
592 304 579 463 70 221 -1 -1 -1 0 
593 251 735 460 91 267 -1 -1 -1 0 
594 251 750 441 101 276 -1 -1 -1 0 
594 255 850 461 72 185 -1 -1 -1 0 
594 304 577 447 74 226 -1 -1 -1 0 
595 251 748 435 102 308 -1 -1 -1 0 
595 255 853 453 68 185 -1 -1 -1 0 
595 304 572 479 69 213 -1 -1 -1 0 
596 251 764 434 102 289 -1 -1 -1 0 
596 255 855 453 67 191 -1 -1 -1 0 
596 304 583 469 68 212 -1 -1 -1 0 
596 242 346 472 58 164 -1 -1 -1 0 
596 310 887 491 54 141 -1 -1 -1 0 
596 312 639 426 97 292 -1 -1 -1 0 
597 251 771 435 95 290 -1 -1 -1 0 
597 255 856 454 68 195 -1 -1 -1 0 
597 304 583 417 82 256 -1 -1 -1 0 
597 242 353 494 55 155 -1 -1 -1 0 
597 310 882 488 59 151 -1 -1 -1 0 
597 312 643 406 107 306 -1 -1 -1 0 
598 251 770 446 96 297 -1 -1 -1 0 
598 255 858 458 78 195 -1 -1 -1 0 
598 304 578 455 67 231 -1 -1 -1 0 
598 242 355 497 54 152 -1 -1 -1 0 
598 310 878 486 63 159 -1 -1 -1 0 
599 251 786 414 112 315 -1 -1 -1 0 
599 255 860 458 79 196 -1 -1 -1 0 
599 304 578 453 67 235 -1 -1 -1 0 
600 251 786 427 119 311 -1 -1 -1 0 
600 255 869 473 86 181 -1 -1 -1 0 
600 312 651 403 115 322 -1 -1 -1 0 
601 251 804 421 105 328 -1 -1 -1 0 
601 255 883 449 72 199 -1 -1 -1 0 
601 242 360 487 54 147 -1 -1 -1 0 
601 312 661 409 118 331 -1 -1 -1 0 
602 251 810 418 107 335 -1 -1 -1 0 
602 255 878 457 80 202 -1 -1 -1 0 
602 242 358 479 56 168 -1 -1 -1 0 
602 312 670 389 125 342 -1 -1 -1 0 
603 255 890 455 68 204 -1 -1 -1 0 
603 242 349 473 59 173 -1 -1 -1 0 
603 312 669 416 115 335 -1 -1 -1 0 
604 255 886 470 72 198 -1 -1 -1 0 
604 242 351 470 59 177 -1 -1 -1 0 
604 312 668 410 119 345 -1 -1 -1 0 
605 255 922 434 79 217 -1 -1 -1 0 
605 242 351 467 60 181 -1 -1 -1 0 
605 312 670 392 130 366 -1 -1 -1 0 
605 322 603 469 73 237 -1 -1 -1 0 
605 323 646 464 69 206 -1 -1 -1 0 
606 255 928 431 81 221 -1 -1 -1 0 
606 242 351 474 63 168 -1 -1 -1 0 
606 312 681 396 123 364 -1 -1 -1 0 
606 322 605 467 77 240 -1 -1 -1 0 
606 323 655 459 68 208 -1 -1 -1 0 
606 324 73 541 34 83 -1 -1 -1 0 
607 242 358 492 61 161 -1 -1 -1 0 
607 312 679 383 141 378 -1 -1 -1 0 
607 322 608 461 78 245 -1 -1 -1 0 
607 323 654 453 71 212 -1 -1 -1 0 
607 324 72 541 33 82 -1 -1 -1 0 
608 242 359 493 61 161 -1 -1 -1 0 
608 312 685 396 133 373 -1 -1 -1 0 
608 322 613 455 79 250 -1 -1 -1 0 
609 312 696 398 126 377 -1 -1 -1 0 
609 322 608 466 81 256 -1 -1 -1 0 
609 323 662 465 77 215 -1 -1 -1 0 
610 242 350 487 62 163 -1 -1 -1 0 
610 312 695 389 137 392 -1 -1 -1 0 
610 322 608 478 81 248 -1 -1 -1 0 
610 323 659 464 77 216 -1 -1 -1 0 
611 242 345 489 63 163 -1 -1 -1 0 
611 312 701 386 142 400 -1 -1 -1 0 
611 322 616 463 85 255 -1 -1 -1 0 
611 323 670 455 73 219 -1 -1 -1 0 
612 242 338 478 60 181 -1 -1 -1 0 
612 312 703 386 144 410 -1 -1 -1 0 
612 322 622 466 80 260 -1 -1 -1 0 
612 323 671 457 72 220 -1 -1 -1 0 
613 242 336 478 62 168 -1 -1 -1 0 
613 312 727 390 128 399 -1 -1 -1 0 
613 322 631 464 83 258 -1 -1 -1 0 
613 323 682 448 69 226 -1 -1 -1 0 
614 242 346 488 68 176 -1 -1 -1 0 
614 312 740 361 139 427 -1 -1 -1 0 
614 322 635 464 84 259 -1 -1 -1 0 
614 323 671 435 92 236 -1 -1 -1 0 
615 242 349 494 62 185 -1 -1 -1 0 
615 312 733 357 154 448 -1 -1 -1 0 
615 322 627 448 92 285 -1 -1 -1 0 
615 323 677 436 84 239 -1 -1 -1 0 
615 332 938 395 141 410 -1 -1 -1 0 
616 242 339 484 75 189 -1 -1 -1 0 
616 312 737 360 157 448 -1 -1 -1 0 
616 322 634 454 92 291 -1 -1 -1 0 
616 323 687 441 75 242 -1 -1 -1 0 
616 332 941 388 138 438 -1 -1 -1 0 
617 242 337 483 77 193 -1 -1 -1 0 
617 312 745 395 148 428 -1 -1 -1 0 
617 322 630 466 97 281 -1 -1 -1 0 
617 323 681 455 75 239 -1 -1 -1 0 
617 332 956 388 123 465 -1 -1 -1 0 
618 242 342 476 76 183 -1 -1 -1 0 
618 312 731 348 183 474 -1 -1 -1 0 
618 322 632 452 96 301 -1 -1 -1 0 
618 323 681 453 81 244 -1 -1 -1 0 
618 332 970 363 109 492 -1 -1 -1 0 
619 255 897 442 131 267 -1 -1 -1 0 
619 242 324 478 75 204 -1 -1 -1 0 
619 312 764 356 148 475 -1 -1 -1 0 
619 322 639 438 95 309 -1 -1 -1 0 
619 323 689 441 74 246 -1 -1 -1 0 
619 324 31 552 38 89 -1 -1 -1 0 
619 332 974 387 105 494 -1 -1 -1 0 
620 255 895 438 135 271 -1 -1 -1 0 
620 242 325 468 69 207 -1 -1 -1 0 
620 312 756 355 166 508 -1 -1 -1 0 
620 322 648 460 97 297 -1 -1 -1 0 
620 323 684 454 84 250 -1 -1 -1 0 
620 324 23 552 47 92 -1 -1 -1 0 
620 332 983 383 96 516 -1 -1 -1 0 
621 255 910 423 145 279 -1 -1 -1 0 
621 242 309 468 79 208 -1 -1 -1 0 
621 312 785 321 168 522 -1 -1 -1 0 
621 322 655 425 99 326 -1 -1 -1 0 
621 323 705 417 77 266 -1 -1 -1 0 
621 324 19 552 49 94 -1 -1 -1 0 
621 339 120 535 31 87 -1 -1 -1 0 
622 255 924 420 131 279 -1 -1 -1 0 
622 242 308 480 89 208 -1 -1 -1 0 
622 312 811 320 154 544 -1 -1 -1 0 
622 322 658 437 102 333 -1 -1 -1 0 
622 323 706 433 82 274 -1 -1 -1 0 
622 339 116 525 37 98 -1 -1 -1 0 
623 255 929 428 130 283 -1 -1 -1 0 
623 242 323 473 77 214 -1 -1 -1 0 
623 312 805 325 184 555 -1 -1 -1 0 
623 322 662 425 112 339 -1 -1 -1 0 
623 323 713 418 86 282 -1 -1 -1 0 
623 339 113 543 37 88 -1 -1 -1 0 
623 341 772 406 151 378 -1 -1 -1 0 
624 255 939 429 122 284 -1 -1 -1 0 
624 242 330 477 74 191 -1 -1 -1 0 
624 312 812 330 179 554 -1 -1 -1 0 
624 322 662 431 113 334 -1 -1 -1 0 
624 323 712 425 89 276 -1 -1 -1 0 
624 324 27 563 41 95 -1 -1 -1 0 
624 339 125 553 31 86 -1 -1 -1 0 
624 341 775 391 157 398 -1 -1 -1 0 
625 255 948 419 125 301 -1 -1 -1 0 
625 242 325 464 76 223 -1 -1 -1 0 
625 312 815 318 209 584 -1 -1 -1 0 
625 322 669 430 110 344 -1 -1 -1 0 
625 323 714 432 92 277 -1 -1 -1 0 
625 324 29 562 40 95 -1 -1 -1 0 
625 339 126 556 31 84 -1 -1 -1 0 
626 255 981 411 98 302 -1 -1 -1 0 
626 242 337 487 73 217 -1 -1 -1 0 
626 312 856 294 197 616 -1 -1 -1 0 
626 322 679 416 118 363 -1 -1 -1 0 
626 323 726 412 97 288 -1 -1 -1 0 
626 324 28 564 40 94 -1 -1 -1 0 
626 341 807 376 170 425 -1 -1 -1 0 
627 255 989 408 90 307 -1 -1 -1 0 
627 242 337 488 75 220 -1 -1 -1 0 
627 312 827 286 252 652 -1 -1 -1 0 
627 322 673 421 117 369 -1 -1 -1 0 
628 242 317 476 80 194 -1 -1 -1 0 
628 312 862 305 217 652 -1 -1 -1 0 
628 322 685 420 124 373 -1 -1 -1 0 
628 323 730 424 99 296 -1 -1 -1 0 
628 341 810 384 172 440 -1 -1 -1 0 
629 242 327 495 75 211 -1 -1 -1 0 
629 312 881 299 198 662 -1 -1 -1 0 
629 322 686 413 133 393 -1 -1 -1 0 
629 323 737 416 102 304 -1 -1 -1 0 
629 339 111 576 35 82 -1 -1 -1 0 
629 341 825 377 185 458 -1 -1 -1 0 
630 242 326 489 78 226 -1 -1 -1 0 
630 312 895 298 184 691 -1 -1 -1 0 
630 322 696 425 128 378 -1 -1 -1 0 
630 323 738 429 99 298 -1 -1 -1 0 
630 339 110 579 34 82 -1 -1 -1 0 
630 341 831 350 191 502 -1 -1 -1 0 
631 242 283 477 106 241 -1 -1 -1 0 
631 312 911 288 168 733 -1 -1 -1 0 
631 322 696 442 129 390 -1 -1 -1 0 
631 323 747 447 94 295 -1 -1 -1 0 
631 341 827 346 205 511 -1 -1 -1 0 
632 242 319 495 83 202 -1 -1 -1 0 
632 312 936 336 143 679 -1 -1 -1 0 
632 322 700 422 138 415 -1 -1 -1 0 
632 323 747 432 103 309 -1 -1 -1 0 
632 341 856 334 207 535 -1 -1 -1 0 
633 242 293 483 92 238 -1 -1 -1 0 
633 312 926 363 153 669 -1 -1 -1 0 
633 322 707 427 131 420 -1 -1 -1 0 
633 323 748 433 99 315 -1 -1 -1 0 
633 341 842 378 199 501 -1 -1 -1 0 
634 242 294 469 90 256 -1 -1 -1 0 
634 312 936 366 143 680 -1 -1 -1 0 
634 322 714 412 142 438 -1 -1 -1 0 
634 323 760 425 104 323 -1 -1 -1 0 
635 242 297 502 92 221 -1 -1 -1 0 
635 322 717 414 154 450 -1 -1 -1 0 
635 323 765 424 106 327 -1 -1 -1 0 
635 339 77 588 34 80 -1 -1 -1 0 
635 341 907 296 172 604 -1 -1 -1 0 
636 242 290 492 93 225 -1 -1 -1 0 
636 322 721 405 160 469 -1 -1 -1 0 
636 339 73 590 34 81 -1 -1 -1 0 
637 242 287 488 91 248 -1 -1 -1 0 
637 322 718 376 175 489 -1 -1 -1 0 
637 341 966 363 113 622 -1 -1 -1 0 
638 242 278 452 88 234 -1 -1 -1 0 
638 322 720 374 176 493 -1 -1 -1 0 
638 341 979 304 100 658 -1 -1 -1 0 
639 242 278 448 92 270 -1 -1 -1 0 
639 322 730 360 173 511 -1 -1 -1 0 
639 341 997 298 82 676 -1 -1 -1 0 
640 242 235 360 125 307 -1 -1 -1 0 
640 322 731 264 214 558 -1 -1 -1 0 
641 242 260 383 102 250 -1 -1 -1 0 
641 322 753 227 224 594 -1 -1 -1 0 
642 242 234 330 138 329 -1 -1 -1 0 
642 322 775 254 207 596 -1 -1 -1 0 
643 242 226 314 147 343 -1 -1 -1 0 
643 322 763 359 216 573 -1 -1 -1 0 
644 322 778 424 221 554 -1 -1 -1 0 
645 322 813 366 230 609 -1 -1 -1 0 
645 353 276 483 108 297 -1 -1 -1 0 
646 322 834 334 233 645 -1 -1 -1 0 
646 353 276 432 122 335 -1 -1 -1 0 
647 322 850 333 224 636 -1 -1 -1 0 
647 353 281 488 107 283 -1 -1 -1 0 
648 242 227 421 102 324 -1 -1 -1 0 
648 322 817 304 255 671 -1 -1 -1 0 
648 353 278 481 111 295 -1 -1 -1 0 
649 242 175 423 110 272 -1 -1 -1 0 
649 322 793 304 274 660 -1 -1 -1 0 
650 242 169 437 114 286 -1 -1 -1 0 
650 322 796 305 235 676 -1 -1 -1 0 
650 355 775 312 172 467 -1 -1 -1 0 
651 242 197 426 111 295 -1 -1 -1 0 
651 322 826 249 248 787 -1 -1 -1 0 
652 242 233 428 108 280 -1 -1 -1 0 
652 322 858 314 221 720 -1 -1 -1 0 
652 323 832 325 186 465 -1 -1 -1 0 
653 242 246 431 116 300 -1 -1 -1 0 
653 322 909 308 170 759 -1 -1 -1 0 
653 323 864 320 193 479 -1 -1 -1 0 
654 242 244 425 125 313 -1 -1 -1 0 
654 322 924 305 155 778 -1 -1 -1 0 
655 242 230 441 123 312 -1 -1 -1 0 
655 322 940 299 139 800 -1 -1 -1 0 
655 323 885 303 194 513 -1 -1 -1 0 
656 242 200 449 129 325 -1 -1 -1 0 
656 322 956 296 123 819 -1 -1 -1 0 
657 242 173 433 132 317 -1 -1 -1 0 
657 323 871 280 208 559 -1 -1 -1 0 
658 242 167 443 132 316 -1 -1 -1 0 
658 323 876 279 203 563 -1 -1 -1 0 
659 308 157 435 131 341 -1 -1 -1 0 
659 323 870 287 209 575 -1 -1 -1 0 
660 242 133 447 143 327 -1 -1 -1 0 
660 323 876 269 203 601 -1 -1 -1 0 
661 242 119 429 146 381 -1 -1 -1 0 
661 323 892 269 187 617 -1 -1 -1 0 
662 242 113 429 144 342 -1 -1 -1 0 
662 323 903 269 176 626 -1 -1 -1 0 
663 242 109 427 140 387 -1 -1 -1 0 
663 323 916 260 163 632 -1 -1 -1 0 
664 242 105 438 160 414 -1 -1 -1 0 
664 323 921 283 158 632 -1 -1 -1 0 
665 242 96 410 162 370 -1 -1 -1 0 
666 242 87 400 163 383 -1 -1 -1 0 
667 242 78 397 180 434 -1 -1 -1 0 
668 242 63 396 199 438 -1 -1 -1 0 
669 242 68 393 168 419 -1 -1 -1 0 
670 242 38 378 205 449 -1 -1 -1 0 
671 242 38 373 194 457 -1 -1 -1 0 
672 242 20 388 198 456 -1 -1 -1 0 
673 242 18 390 186 459 -1 -1 -1 0 
674 242 3 372 206 466 -1 -1 -1 0 
675 242 0 368 203 497 -1 -1 -1 0 
676 242 0 351 193 515 -1 -1 -1 0 
677 242 0 347 193 516 -1 -1 -1 0 
678 242 0 357 197 522 -1 -1 -1 0 
679 242 0 338 192 539 -1 -1 -1 0 
680 242 0 345 196 563 -1 -1 -1 0 
681 242 0 339 199 578 -1 -1 -1 0 
682 242 2 313 174 584 -1 -1 -1 0 
683 242 0 330 182 596 -1 -1 -1 0 
684 242 0 324 172 614 -1 -1 -1 0 
685 242 0 313 171 645 -1 -1 -1 0 
687 242 0 327 168 645 -1 -1 -1 0 
688 242 0 297 165 703 -1 -1 -1 0 
691 242 0 306 175 748 -1 -1 -1 0 
692 242 0 335 175 730 -1 -1 -1 0 
693 242 0 326 178 743 -1 -1 -1 0 
697 242 0 325 177 759 -1 -1 -1 0 
710 358 76 583 44 103 -1 -1 -1 0 
712 358 71 586 45 105 -1 -1 -1 0 
810 384 153 465 47 131 -1 -1 -1 0 
814 384 160 458 46 131 -1 -1 -1 0 
817 384 171 457 46 129 -1 -1 -1 0 
822 384 206 483 55 142 -1 -1 -1 0 
823 384 199 476 55 146 -1 -1 -1 0 
824 384 210 478 55 148 -1 -1 -1 0 
825 384 189 464 58 148 -1 -1 -1 0 
828 384 196 464 59 149 -1 -1 -1 0 
841 384 828 456 61 172 -1 -1 -1 0 
842 384 811 475 65 159 -1 -1 -1 0 
843 384 774 473 63 159 -1 -1 -1 0 
844 384 734 480 70 157 -1 -1 -1 0 
845 384 694 489 63 156 -1 -1 -1 0 
846 384 671 487 65 162 -1 -1 -1 0 
847 384 654 486 63 156 -1 -1 -1 0 
848 384 649 472 61 174 -1 -1 -1 0 
849 384 640 505 66 156 -1 -1 -1 0 
850 384 624 502 64 151 -1 -1 -1 0 
851 384 598 500 63 155 -1 -1 -1 0 
852 384 576 501 68 159 -1 -1 -1 0 
853 384 546 512 73 149 -1 -1 -1 0 
854 384 512 515 64 148 -1 -1 -1 0 
855 384 494 515 69 150 -1 -1 -1 0 
856 384 486 525 74 148 -1 -1 -1 0 
857 384 490 523 73 147 -1 -1 -1 0 
858 384 508 526 73 146 -1 -1 -1 0 
859 384 497 530 74 144 -1 -1 -1 0 
860 384 538 522 70 148 -1 -1 -1 0 
861 384 535 525 67 148 -1 -1 -1 0 
862 384 501 517 70 151 -1 -1 -1 0 
864 384 434 502 73 152 -1 -1 -1 0 
865 384 407 508 72 148 -1 -1 -1 0 
866 384 404 512 66 147 -1 -1 -1 0 
867 384 391 505 79 152 -1 -1 -1 0 
867 416 675 529 45 86 -1 -1 -1 0 
868 384 398 505 72 154 -1 -1 -1 0 
869 384 401 507 76 148 -1 -1 -1 0 
870 284 398 508 73 146 -1 -1 -1 0 
870 416 675 528 44 85 -1 -1 -1 0 
871 384 393 504 76 148 -1 -1 -1 0 
871 416 675 527 44 86 -1 -1 -1 0 
872 384 384 503 78 152 -1 -1 -1 0 
872 416 667 527 44 84 -1 -1 -1 0 
873 384 384 503 78 153 -1 -1 -1 0 
873 416 661 527 47 87 -1 -1 -1 0 
873 418 498 509 51 89 -1 -1 -1 0 
874 384 396 504 79 149 -1 -1 -1 0 
874 416 659 527 48 87 -1 -1 -1 0 
875 384 408 507 79 148 -1 -1 -1 0 
875 418 526 514 48 87 -1 -1 -1 0 
876 384 423 507 75 145 -1 -1 -1 0 
876 418 541 516 49 82 -1 -1 -1 0 
877 384 436 508 75 145 -1 -1 -1 0 
877 418 554 514 47 81 -1 -1 -1 0 
878 384 448 506 77 146 -1 -1 -1 0 
878 418 566 512 48 71 -1 -1 -1 0 
879 384 458 507 75 146 -1 -1 -1 0 
879 418 574 513 47 87 -1 -1 -1 0 
880 384 466 505 79 147 -1 -1 -1 0 
880 418 584 512 48 88 -1 -1 -1 0 
881 384 474 506 77 145 -1 -1 -1 0 
881 418 591 511 51 89 -1 -1 -1 0 
882 384 483 504 75 147 -1 -1 -1 0 
882 418 598 513 48 85 -1 -1 -1 0 
883 384 486 504 79 147 -1 -1 -1 0 
883 418 602 512 51 86 -1 -1 -1 0 
884 384 491 505 78 146 -1 -1 -1 0 
884 418 609 512 50 87 -1 -1 -1 0 
884 421 536 513 43 88 -1 -1 -1 0 
885 384 496 504 78 146 -1 -1 -1 0 
885 418 611 513 50 87 -1 -1 -1 0 
885 421 540 514 42 86 -1 -1 -1 0 
886 384 496 503 76 146 -1 -1 -1 0 
886 418 609 510 54 90 -1 -1 -1 0 
887 384 498 505 77 145 -1 -1 -1 0 
887 418 612 510 53 89 -1 -1 -1 0 
888 384 499 505 76 146 -1 -1 -1 0 
888 418 613 514 54 86 -1 -1 -1 0 
889 384 500 504 77 148 -1 -1 -1 0 
889 418 611 515 55 85 -1 -1 -1 0 
889 424 54 519 31 68 -1 -1 -1 0 
890 384 501 505 76 146 -1 -1 -1 0 
890 418 607 515 59 87 -1 -1 -1 0 
891 384 505 505 75 146 -1 -1 -1 0 
891 418 620 512 48 88 -1 -1 -1 0 
892 384 506 504 74 147 -1 -1 -1 0 
892 418 620 514 52 86 -1 -1 -1 0 
892 424 60 521 31 65 -1 -1 -1 0 
893 384 508 504 74 148 -1 -1 -1 0 
893 418 622 515 50 86 -1 -1 -1 0 
893 424 62 522 31 63 -1 -1 -1 0 
894 384 508 502 74 150 -1 -1 -1 0 
894 418 618 513 55 88 -1 -1 -1 0 
894 425 893 522 37 68 -1 -1 -1 0 
