103 8 339 494 25 78 -1 -1 -1 0 
104 8 355 501 27 79 -1 -1 -1 0 
104 10 462 499 29 84 -1 -1 -1 0 
105 8 361 517 29 78 -1 -1 -1 0 
105 10 476 514 29 81 -1 -1 -1 0 
107 8 371 526 28 76 -1 -1 -1 0 
107 10 485 520 28 79 -1 -1 -1 0 
108 8 344 503 26 79 -1 -1 -1 0 
109 8 347 505 26 80 -1 -1 -1 0 
112 8 302 498 33 83 -1 -1 -1 0 
113 8 293 502 29 84 -1 -1 -1 0 
114 8 288 504 29 84 -1 -1 -1 0 
117 22 365 491 29 87 -1 -1 -1 0 
118 22 347 497 28 89 -1 -1 -1 0 
119 22 342 492 32 90 -1 -1 -1 0 
121 22 339 501 28 90 -1 -1 -1 0 
122 22 341 498 30 89 -1 -1 -1 0 
123 22 337 498 30 90 -1 -1 -1 0 
125 8 197 510 34 92 -1 -1 -1 0 
126 8 188 510 35 94 -1 -1 -1 0 
127 8 175 501 32 95 -1 -1 -1 0 
128 8 172 507 33 102 -1 -1 -1 0 
129 8 162 501 39 103 -1 -1 -1 0 
129 10 112 493 36 113 -1 -1 -1 0 
130 8 163 512 35 102 -1 -1 -1 0 
130 10 106 495 41 119 -1 -1 -1 0 
131 8 157 514 35 102 -1 -1 -1 0 
131 10 100 494 41 122 -1 -1 -1 0 
133 22 294 479 32 92 -1 -1 -1 0 
134 22 296 471 32 97 -1 -1 -1 0 
135 22 291 469 33 98 -1 -1 -1 0 
142 22 206 496 43 92 -1 -1 -1 0 
143 22 205 496 42 95 -1 -1 -1 0 
144 22 207 488 40 93 -1 -1 -1 0 
145 10 210 484 39 95 -1 -1 -1 0 
145 22 201 489 41 92 -1 -1 -1 0 
145 51 263 488 41 91 -1 -1 -1 0 
146 10 218 484 39 93 -1 -1 -1 0 
146 22 196 489 41 93 -1 -1 -1 0 
148 22 189 489 43 94 -1 -1 -1 0 
148 51 248 491 41 85 -1 -1 -1 0 
149 22 150 474 44 98 -1 -1 -1 0 
150 22 131 484 41 99 -1 -1 -1 0 
151 22 133 476 50 101 -1 -1 -1 0 
152 22 137 479 39 100 -1 -1 -1 0 
152 56 198 482 31 91 -1 -1 -1 0 
153 22 150 474 37 100 -1 -1 -1 0 
153 56 208 477 33 94 -1 -1 -1 0 
155 22 135 492 44 100 -1 -1 -1 0 
155 56 210 473 33 95 -1 -1 -1 0 
156 22 121 484 39 101 -1 -1 -1 0 
157 22 106 477 41 98 -1 -1 -1 0 
157 58 858 450 29 85 -1 -1 -1 0 
158 22 103 478 42 94 -1 -1 -1 0 
158 58 854 462 30 89 -1 -1 -1 0 
159 22 102 479 41 98 -1 -1 -1 0 
159 58 856 472 37 90 -1 -1 -1 0 
160 22 96 478 42 99 -1 -1 -1 0 
160 58 873 471 36 91 -1 -1 -1 0 
161 58 876 472 37 92 -1 -1 -1 0 
163 58 958 480 38 94 -1 -1 -1 0 
164 58 978 495 41 92 -1 -1 -1 0 
165 58 1000 491 36 85 -1 -1 -1 0 
166 58 1021 487 38 93 -1 -1 -1 0 
166 65 246 468 42 101 -1 -1 -1 0 
167 58 1020 480 41 94 -1 -1 -1 0 
167 22 245 467 42 104 -1 -1 -1 0 
168 58 1033 480 42 95 -1 -1 -1 0 
168 2 250 480 41 104 -1 -1 -1 0 
169 58 1030 488 42 95 -1 -1 -1 0 
169 22 253 483 43 101 -1 -1 -1 0 
169 70 0 481 39 133 -1 -1 -1 0 
170 58 1043 490 34 94 -1 -1 -1 0 
170 22 260 480 42 102 -1 -1 -1 0 
170 70 0 477 43 133 -1 -1 -1 0 
171 58 1048 489 31 93 -1 -1 -1 0 
171 22 260 474 44 102 -1 -1 -1 0 
171 70 1 479 46 133 -1 -1 -1 0 
171 71 336 486 25 92 -1 -1 -1 0 
172 58 1052 490 27 92 -1 -1 -1 0 
172 22 266 481 46 101 -1 -1 -1 0 
172 70 7 480 46 137 -1 -1 -1 0 
172 71 346 488 23 72 -1 -1 -1 0 
173 58 1053 489 26 85 -1 -1 -1 0 
173 22 275 479 39 101 -1 -1 -1 0 
173 70 20 490 48 135 -1 -1 -1 0 
173 71 348 489 22 84 -1 -1 -1 0 
174 58 1063 490 16 84 -1 -1 -1 0 
174 22 284 485 40 99 -1 -1 -1 0 
174 70 23 497 45 134 -1 -1 -1 0 
174 71 361 492 22 89 -1 -1 -1 0 
175 22 294 501 39 99 -1 -1 -1 0 
175 70 23 491 46 136 -1 -1 -1 0 
175 71 367 508 25 90 -1 -1 -1 0 
176 22 287 492 46 109 -1 -1 -1 0 
177 22 278 484 44 108 -1 -1 -1 0 
177 70 7 497 56 143 -1 -1 -1 0 
178 22 274 501 48 104 -1 -1 -1 0 
178 70 5 499 39 139 -1 -1 -1 0 
179 22 276 504 48 103 -1 -1 -1 0 
179 70 8 501 29 146 -1 -1 -1 0 
179 71 328 496 31 96 -1 -1 -1 0 
180 22 243 488 35 103 -1 -1 -1 0 
180 70 8 503 28 147 -1 -1 -1 0 
182 22 197 468 39 106 -1 -1 -1 0 
183 22 183 463 44 107 -1 -1 -1 0 
184 22 173 460 44 108 -1 -1 -1 0 
185 22 163 447 46 109 -1 -1 -1 0 
186 22 154 443 47 109 -1 -1 -1 0 
189 22 136 447 40 110 -1 -1 -1 0 
190 22 142 454 37 110 -1 -1 -1 0 
190 71 220 453 35 109 -1 -1 -1 0 
191 22 121 473 55 109 -1 -1 -1 0 
193 22 108 479 45 110 -1 -1 -1 0 
194 22 98 481 46 111 -1 -1 -1 0 
196 22 92 454 45 116 -1 -1 -1 0 
197 22 98 469 35 100 -1 -1 -1 0 
197 84 183 479 42 112 -1 -1 -1 0 
198 22 92 469 34 100 -1 -1 -1 0 
198 84 192 456 37 117 -1 -1 -1 0 
201 84 194 452 37 120 -1 -1 -1 0 
207 88 114 454 66 127 -1 -1 -1 0 
209 88 141 481 49 116 -1 -1 -1 0 
210 88 149 482 48 115 -1 -1 -1 0 
211 88 159 490 47 112 -1 -1 -1 0 
213 91 124 467 50 124 -1 -1 -1 0 
213 93 1037 453 37 111 -1 -1 -1 0 
214 91 141 483 47 127 -1 -1 -1 0 
215 91 125 468 55 136 -1 -1 -1 0 
216 22 121 472 39 123 -1 -1 -1 0 
216 91 126 468 56 141 -1 -1 -1 0 
217 22 123 472 39 125 -1 -1 -1 0 
217 58 1025 437 30 109 -1 -1 -1 0 
218 58 1000 461 53 119 -1 -1 -1 0 
218 96 156 494 53 116 -1 -1 -1 0 
220 58 968 429 39 114 -1 -1 -1 0 
220 96 118 481 55 120 -1 -1 -1 0 
222 84 128 474 49 121 -1 -1 -1 0 
222 58 952 425 40 115 -1 -1 -1 0 
222 96 93 479 55 122 -1 -1 -1 0 
222 98 994 451 43 119 -1 -1 -1 0 
223 84 124 475 50 121 -1 -1 -1 0 
224 58 976 458 42 120 -1 -1 -1 0 
226 58 967 486 36 108 -1 -1 -1 0 
226 101 125 502 46 124 -1 -1 -1 0 
226 22 39 494 53 129 -1 -1 -1 0 
227 58 971 475 39 109 -1 -1 -1 0 
227 101 119 443 50 162 -1 -1 -1 0 
227 22 41 499 54 132 -1 -1 -1 0 
228 93 1001 462 32 120 -1 -1 -1 0 
228 58 977 467 33 108 -1 -1 -1 0 
228 101 115 426 55 178 -1 -1 -1 0 
229 93 998 462 32 122 -1 -1 -1 0 
229 58 993 471 31 97 -1 -1 -1 0 
230 22 52 484 56 131 -1 -1 -1 0 
230 58 993 473 29 96 -1 -1 -1 0 
230 98 1002 485 33 112 -1 -1 -1 0 
231 22 48 485 57 131 -1 -1 -1 0 
231 98 1004 491 31 110 -1 -1 -1 0 
231 109 1026 481 31 110 -1 -1 -1 0 
232 109 1024 480 52 124 -1 -1 -1 0 
236 109 1026 481 53 127 -1 -1 -1 0 
238 22 56 480 52 125 -1 -1 -1 0 
239 22 56 481 52 123 -1 -1 -1 0 
240 22 87 451 51 140 -1 -1 -1 0 
241 91 85 453 57 132 -1 -1 -1 0 
242 91 83 453 57 131 -1 -1 -1 0 
242 22 100 484 49 133 -1 -1 -1 0 
243 22 105 487 49 132 -1 -1 -1 0 
246 91 99 477 52 132 -1 -1 -1 0 
247 91 113 483 48 133 -1 -1 -1 0 
248 91 108 478 49 134 -1 -1 -1 0 
249 91 104 489 51 130 -1 -1 -1 0 
250 91 105 493 51 128 -1 -1 -1 0 
254 22 90 482 44 135 -1 -1 -1 0 
255 22 74 470 52 138 -1 -1 -1 0 
256 22 89 486 45 137 -1 -1 -1 0 
257 22 91 480 54 137 -1 -1 -1 0 
258 22 98 466 52 141 -1 -1 -1 0 
260 22 90 438 53 142 -1 -1 -1 0 
261 22 98 481 48 135 -1 -1 -1 0 
262 22 99 481 49 134 -1 -1 -1 0 
263 22 99 472 52 136 -1 -1 -1 0 
264 22 78 480 57 137 -1 -1 -1 0 
265 22 60 488 56 140 -1 -1 -1 0 
266 22 71 501 60 140 -1 -1 -1 0 
267 22 74 490 54 142 -1 -1 -1 0 
269 22 74 491 55 144 -1 -1 -1 0 
269 91 25 490 56 145 -1 -1 -1 0 
270 91 37 512 52 140 -1 -1 -1 0 
271 91 53 498 44 137 -1 -1 -1 0 
271 138 122 482 49 150 -1 -1 -1 0 
273 91 59 500 43 135 -1 -1 -1 0 
273 138 124 473 50 151 -1 -1 -1 0 
276 22 121 470 50 153 -1 -1 -1 0 
277 22 104 460 46 150 -1 -1 -1 0 
278 22 100 458 46 150 -1 -1 -1 0 
279 101 168 495 56 164 -1 -1 -1 0 
280 101 153 480 57 164 -1 -1 -1 0 
282 101 121 460 67 170 -1 -1 -1 0 
283 101 124 465 62 175 -1 -1 -1 0 
284 101 136 482 54 165 -1 -1 -1 0 
285 101 138 492 60 162 -1 -1 -1 0 
287 101 136 495 60 161 -1 -1 -1 0 
289 148 6 520 36 139 -1 -1 -1 0 
290 148 0 528 34 130 -1 -1 -1 0 
290 149 437 500 59 130 -1 -1 -1 0 
294 149 419 487 60 131 -1 -1 -1 0 
295 150 6 487 61 164 -1 -1 -1 0 
296 150 13 480 53 166 -1 -1 -1 0 
297 150 17 477 62 155 -1 -1 -1 0 
298 150 17 467 60 161 -1 -1 -1 0 
299 150 14 479 61 167 -1 -1 -1 0 
300 150 9 461 46 167 -1 -1 -1 0 
302 150 3 463 62 167 -1 -1 -1 0 
307 150 1 459 64 168 -1 -1 -1 0 
314 158 20 511 26 73 -1 -1 -1 0 
314 159 936 493 37 79 -1 -1 -1 0 
315 158 22 518 26 70 -1 -1 -1 0 
315 159 933 505 35 77 -1 -1 -1 0 
318 160 937 465 30 81 -1 -1 -1 0 
319 160 936 457 32 84 -1 -1 -1 0 
325 165 930 481 29 83 -1 -1 -1 0 
328 165 932 487 28 81 -1 -1 -1 0 
330 167 882 495 33 82 -1 -1 -1 0 
332 167 875 501 37 82 -1 -1 -1 0 
334 167 883 502 41 83 -1 -1 -1 0 
335 167 884 505 40 81 -1 -1 -1 0 
336 167 873 505 37 81 -1 -1 -1 0 
337 167 886 495 44 82 -1 -1 -1 0 
340 167 886 494 45 83 -1 -1 -1 0 
341 167 935 498 37 87 -1 -1 -1 0 
342 167 952 484 34 86 -1 -1 -1 0 
343 167 956 486 31 88 -1 -1 -1 0 
344 167 963 484 31 90 -1 -1 -1 0 
346 172 965 502 28 86 -1 -1 -1 0 
347 172 968 503 27 84 -1 -1 -1 0 
348 167 987 495 33 88 -1 -1 -1 0 
349 167 1002 494 28 88 -1 -1 -1 0 
350 167 1003 514 24 90 -1 -1 -1 0 
351 167 997 511 33 92 -1 -1 -1 0 
352 167 1002 517 28 91 -1 -1 -1 0 
353 167 1020 507 30 88 -1 -1 -1 0 
354 167 1026 509 28 92 -1 -1 -1 0 
355 167 1033 510 33 92 -1 -1 -1 0 
356 167 1028 523 35 92 -1 -1 -1 0 
357 167 1033 526 37 92 -1 -1 -1 0 
358 167 1030 533 34 87 -1 -1 -1 0 
359 167 1034 526 30 86 -1 -1 -1 0 
360 167 1039 527 29 86 -1 -1 -1 0 
381 193 218 478 34 95 -1 -1 -1 0 
382 193 212 444 34 109 -1 -1 -1 0 
383 193 208 453 35 111 -1 -1 -1 0 
384 193 218 468 36 98 -1 -1 -1 0 
385 193 217 471 38 100 -1 -1 -1 0 
386 193 216 470 39 103 -1 -1 -1 0 
387 198 455 467 37 112 -1 -1 -1 0 
389 193 258 486 35 103 -1 -1 -1 0 
389 199 689 459 62 163 -1 -1 -1 0 
390 193 263 469 37 95 -1 -1 -1 0 
390 199 701 463 62 160 -1 -1 -1 0 
391 193 273 481 34 90 -1 -1 -1 0 
391 199 710 458 54 165 -1 -1 -1 0 
392 193 279 482 33 89 -1 -1 -1 0 
392 198 480 477 48 156 -1 -1 -1 0 
392 199 709 451 52 131 -1 -1 -1 0 
393 198 469 481 43 126 -1 -1 -1 0 
393 199 715 449 51 124 -1 -1 -1 0 
394 198 470 481 45 129 -1 -1 -1 0 
398 198 406 486 43 145 -1 -1 -1 0 
398 199 627 461 57 167 -1 -1 -1 0 
398 208 187 496 40 93 -1 -1 -1 0 
399 198 400 486 44 149 -1 -1 -1 0 
399 199 620 460 59 171 -1 -1 -1 0 
400 208 187 494 38 94 -1 -1 -1 0 
401 199 646 450 61 173 -1 -1 -1 0 
402 199 629 456 61 176 -1 -1 -1 0 
403 199 625 456 62 179 -1 -1 -1 0 
403 208 174 499 49 102 -1 -1 -1 0 
406 193 161 498 42 104 -1 -1 -1 0 
406 208 171 498 51 104 -1 -1 -1 0 
407 193 161 505 46 102 -1 -1 -1 0 
407 199 613 451 62 182 -1 -1 -1 0 
409 193 155 520 38 92 -1 -1 -1 0 
410 193 142 521 41 95 -1 -1 -1 0 
410 199 611 451 62 189 -1 -1 -1 0 
411 193 135 524 42 95 -1 -1 -1 0 
412 199 601 447 63 192 -1 -1 -1 0 
413 199 587 441 82 198 -1 -1 -1 0 
414 199 581 452 80 192 -1 -1 -1 0 
415 199 578 445 72 193 -1 -1 -1 0 
416 199 580 453 66 193 -1 -1 -1 0 
417 199 582 442 68 196 -1 -1 -1 0 
418 199 562 454 71 196 -1 -1 -1 0 
419 198 277 491 52 148 -1 -1 -1 0 
419 199 557 457 68 196 -1 -1 -1 0 
420 198 245 486 58 201 -1 -1 -1 0 
420 199 547 463 70 200 -1 -1 -1 0 
421 198 233 485 61 210 -1 -1 -1 0 
423 199 449 463 72 204 -1 -1 -1 0 
424 199 431 440 68 212 -1 -1 -1 0 
425 198 83 481 80 200 -1 -1 -1 0 
425 199 394 444 65 207 -1 -1 -1 0 
426 198 55 479 84 207 -1 -1 -1 0 
427 198 6 475 85 241 -1 -1 -1 0 
427 199 349 461 76 207 -1 -1 -1 0 
428 198 0 473 61 250 -1 -1 -1 0 
428 199 342 445 71 210 -1 -1 -1 0 
430 199 315 453 81 215 -1 -1 -1 0 
431 199 338 452 71 217 -1 -1 -1 0 
432 199 352 477 73 215 -1 -1 -1 0 
436 199 343 480 74 217 -1 -1 -1 0 
437 199 397 460 66 228 -1 -1 -1 0 
439 199 393 473 66 228 -1 -1 -1 0 
440 199 403 456 69 234 -1 -1 -1 0 
441 199 423 470 70 234 -1 -1 -1 0 
442 199 433 433 82 241 -1 -1 -1 0 
443 199 430 442 85 242 -1 -1 -1 0 
444 199 441 438 84 247 -1 -1 -1 0 
445 199 442 426 84 246 -1 -1 -1 0 
447 199 436 435 86 252 -1 -1 -1 0 
448 199 436 436 88 255 -1 -1 -1 0 
449 199 441 434 88 258 -1 -1 -1 0 
450 199 440 436 91 262 -1 -1 -1 0 
450 229 2 461 63 159 -1 -1 -1 0 
451 199 440 427 95 265 -1 -1 -1 0 
451 229 2 459 64 159 -1 -1 -1 0 
452 199 461 440 85 263 -1 -1 -1 0 
452 229 4 446 52 182 -1 -1 -1 0 
453 199 470 431 86 268 -1 -1 -1 0 
453 229 0 444 64 173 -1 -1 -1 0 
454 199 473 418 92 272 -1 -1 -1 0 
455 199 483 421 93 270 -1 -1 -1 0 
457 199 525 441 88 269 -1 -1 -1 0 
458 199 533 442 89 271 -1 -1 -1 0 
459 199 528 425 91 291 -1 -1 -1 0 
