5 4 245 543 24 64 -1 -1 -1 0 
6 4 221 543 26 66 -1 -1 -1 0 
7 4 191 551 27 64 -1 -1 -1 0 
8 4 154 548 30 68 -1 -1 -1 0 
9 4 136 554 27 66 -1 -1 -1 0 
10 4 117 557 26 65 -1 -1 -1 0 
12 7 153 552 29 64 -1 -1 -1 0 
13 7 161 552 30 64 -1 -1 -1 0 
15 7 181 549 29 60 -1 -1 -1 0 
16 7 179 548 32 65 -1 -1 -1 0 
17 7 183 550 25 66 -1 -1 -1 0 
18 7 182 548 30 66 -1 -1 -1 0 
20 7 184 543 27 66 -1 -1 -1 0 
21 7 179 547 30 65 -1 -1 -1 0 
24 7 217 547 27 67 -1 -1 -1 0 
151 7 226 547 27 66 -1 -1 -1 0 
184 9 939 488 43 96 -1 -1 -1 0 
189 9 948 477 35 102 -1 -1 -1 0 
190 9 945 472 33 106 -1 -1 -1 0 
194 9 942 470 33 108 -1 -1 -1 0 
202 9 874 484 41 106 -1 -1 -1 0 
204 9 868 474 41 106 -1 -1 -1 0 
205 9 875 486 34 106 -1 -1 -1 0 
206 9 866 486 37 106 -1 -1 -1 0 
207 9 848 487 40 118 -1 -1 -1 0 
208 9 848 493 33 108 -1 -1 -1 0 
209 9 838 503 30 113 -1 -1 -1 0 
211 9 851 489 33 115 -1 -1 -1 0 
213 9 834 514 44 114 -1 -1 -1 0 
214 9 858 511 39 110 -1 -1 -1 0 
215 9 864 510 51 112 -1 -1 -1 0 
216 9 860 524 57 113 -1 -1 -1 0 
217 9 868 526 61 114 -1 -1 -1 0 
218 9 905 508 49 126 -1 -1 -1 0 
223 9 962 471 52 142 -1 -1 -1 0 
227 9 964 479 41 134 -1 -1 -1 0 
267 9 972 477 42 136 -1 -1 -1 0 
269 13 802 469 66 150 -1 -1 -1 0 
270 13 794 457 50 151 -1 -1 -1 0 
271 13 778 463 53 158 -1 -1 -1 0 
273 13 761 463 54 156 -1 -1 -1 0 
275 13 741 460 64 154 -1 -1 -1 0 
276 13 719 459 67 157 -1 -1 -1 0 
277 13 716 461 66 159 -1 -1 -1 0 
278 13 702 457 73 160 -1 -1 -1 0 
279 13 686 453 88 160 -1 -1 -1 0 
280 13 682 442 87 158 -1 -1 -1 0 
282 13 670 441 88 156 -1 -1 -1 0 
287 13 526 445 65 172 -1 -1 -1 0 
288 13 503 461 57 171 -1 -1 -1 0 
289 13 483 459 59 173 -1 -1 -1 0 
290 13 447 469 75 172 -1 -1 -1 0 
291 13 427 458 67 172 -1 -1 -1 0 
292 13 392 471 87 175 -1 -1 -1 0 
293 13 369 496 92 173 -1 -1 -1 0 
294 13 346 478 110 181 -1 -1 -1 0 
295 13 334 481 114 186 -1 -1 -1 0 
296 13 340 488 108 182 -1 -1 -1 0 
297 13 357 497 112 183 -1 -1 -1 0 
298 13 359 510 124 175 -1 -1 -1 0 
299 13 377 501 114 187 -1 -1 -1 0 
300 13 380 489 68 189 -1 -1 -1 0 
301 13 370 497 97 191 -1 -1 -1 0 
302 13 364 481 76 200 -1 -1 -1 0 
303 13 365 480 67 205 -1 -1 -1 0 
304 13 375 490 66 198 -1 -1 -1 0 
305 13 353 491 91 195 -1 -1 -1 0 
306 13 330 475 107 200 -1 -1 -1 0 
307 13 319 486 116 200 -1 -1 -1 0 
307 15 930 430 82 164 -1 -1 -1 0 
308 13 333 476 89 207 -1 -1 -1 0 
308 15 937 431 64 166 -1 -1 -1 0 
309 13 323 483 95 207 -1 -1 -1 0 
309 15 941 438 76 165 -1 -1 -1 0 
310 13 318 491 121 207 -1 -1 -1 0 
316 13 299 474 94 214 -1 -1 -1 0 
318 13 262 466 84 215 -1 -1 -1 0 
319 13 245 457 95 231 -1 -1 -1 0 
323 13 233 456 114 251 -1 -1 -1 0 
324 13 207 458 141 255 -1 -1 -1 0 
325 13 192 457 147 265 -1 -1 -1 0 
325 18 972 414 107 308 -1 -1 -1 0 
326 13 176 455 157 271 -1 -1 -1 0 
327 18 976 425 102 314 -1 -1 -1 0 
328 18 987 443 92 296 -1 -1 -1 0 
331 18 1015 451 64 292 -1 -1 -1 0 
332 18 1012 444 66 303 -1 -1 -1 0 
333 13 139 453 80 242 -1 -1 -1 0 
333 18 1028 444 51 302 -1 -1 -1 0 
334 13 125 452 81 243 -1 -1 -1 0 
334 18 1032 458 47 288 -1 -1 -1 0 
335 18 1034 434 45 314 -1 -1 -1 0 
336 18 1035 439 44 317 -1 -1 -1 0 
337 13 51 431 117 288 -1 -1 -1 0 
337 18 1023 428 56 321 -1 -1 -1 0 
338 13 33 428 122 294 -1 -1 -1 0 
339 18 1002 423 77 339 -1 -1 -1 0 
340 13 9 447 139 271 -1 -1 -1 0 
340 18 1014 423 65 343 -1 -1 -1 0 
341 13 2 457 145 270 -1 -1 -1 0 
341 18 1020 469 59 315 -1 -1 -1 0 
342 13 0 448 138 292 -1 -1 -1 0 
342 18 1023 482 56 314 -1 -1 -1 0 
345 13 3 518 89 249 -1 -1 -1 0 
352 13 0 525 81 249 -1 -1 -1 0 
354 20 1005 495 30 83 -1 -1 -1 0 
357 20 1004 479 38 79 -1 -1 -1 0 
419 20 1005 473 40 83 -1 -1 -1 0 
437 24 232 488 68 180 -1 -1 -1 0 
438 24 235 486 68 175 -1 -1 -1 0 
439 24 225 493 69 171 -1 -1 -1 0 
440 24 226 484 80 175 -1 -1 -1 0 
443 24 258 542 59 146 -1 -1 -1 0 
444 24 273 514 64 158 -1 -1 -1 0 
445 24 272 465 87 203 -1 -1 -1 0 
446 24 285 462 83 208 -1 -1 -1 0 
447 24 282 456 93 219 -1 -1 -1 0 
450 24 266 448 110 258 -1 -1 -1 0 
452 24 248 445 122 252 -1 -1 -1 0 
453 24 229 450 126 267 -1 -1 -1 0 
454 24 192 446 139 292 -1 -1 -1 0 
455 24 189 427 131 326 -1 -1 -1 0 
457 24 146 422 155 360 -1 -1 -1 0 
458 24 152 417 130 336 -1 -1 -1 0 
459 24 100 417 179 376 -1 -1 -1 0 
460 24 66 404 195 389 -1 -1 -1 0 
461 24 30 393 218 397 -1 -1 -1 0 
462 24 7 374 198 464 -1 -1 -1 0 
463 24 2 384 186 449 -1 -1 -1 0 
464 24 0 378 157 510 -1 -1 -1 0 
493 24 0 374 140 528 -1 -1 -1 0 
506 29 412 482 68 152 -1 -1 -1 0 
507 29 415 470 63 171 -1 -1 -1 0 
510 29 388 458 64 187 -1 -1 -1 0 
511 29 383 459 61 196 -1 -1 -1 0 
512 29 375 454 60 200 -1 -1 -1 0 
513 29 369 463 62 211 -1 -1 -1 0 
513 31 50 486 51 144 -1 -1 -1 0 
514 29 362 459 71 214 -1 -1 -1 0 
514 31 43 486 53 146 -1 -1 -1 0 
515 29 346 454 76 217 -1 -1 -1 0 
515 31 29 492 52 148 -1 -1 -1 0 
516 29 338 456 78 226 -1 -1 -1 0 
516 31 17 481 57 152 -1 -1 -1 0 
517 29 336 449 83 241 -1 -1 -1 0 
517 31 20 492 61 153 -1 -1 -1 0 
518 29 335 452 84 244 -1 -1 -1 0 
518 31 19 494 58 153 -1 -1 -1 0 
519 29 333 453 90 251 -1 -1 -1 0 
519 31 22 516 54 135 -1 -1 -1 0 
521 29 330 444 88 282 -1 -1 -1 0 
522 29 307 432 89 286 -1 -1 -1 0 
523 29 283 439 98 306 -1 -1 -1 0 
524 29 266 436 106 314 -1 -1 -1 0 
525 29 241 428 90 342 -1 -1 -1 0 
526 29 196 418 130 373 -1 -1 -1 0 
527 29 190 401 116 348 -1 -1 -1 0 
528 29 146 416 144 393 -1 -1 -1 0 
529 29 116 393 147 426 -1 -1 -1 0 
530 29 74 362 171 466 -1 -1 -1 0 
531 29 47 368 165 487 -1 -1 -1 0 
532 29 7 353 174 529 -1 -1 -1 0 
533 29 0 309 142 604 -1 -1 -1 0 
534 29 0 324 109 595 -1 -1 -1 0 
535 29 0 397 74 573 -1 -1 -1 0 
548 29 0 398 47 591 -1 -1 -1 0 
561 34 247 490 31 91 -1 -1 -1 0 
562 34 229 488 44 104 -1 -1 -1 0 
576 34 237 492 37 100 -1 -1 -1 0 
577 34 232 493 38 103 -1 -1 -1 0 
580 35 181 471 47 129 -1 -1 -1 0 
584 35 170 482 50 125 -1 -1 -1 0 
586 35 151 480 52 130 -1 -1 -1 0 
588 35 150 482 47 135 -1 -1 -1 0 
590 35 129 468 54 134 -1 -1 -1 0 
591 35 132 475 52 139 -1 -1 -1 0 
612 35 124 475 53 143 -1 -1 -1 0 
623 44 63 474 42 124 -1 -1 -1 0 
624 44 62 462 55 146 -1 -1 -1 0 
629 44 60 454 60 158 -1 -1 -1 0 
645 48 1 462 49 198 -1 -1 -1 0 
646 48 2 454 36 215 -1 -1 -1 0 
647 48 0 445 34 228 -1 -1 -1 0 
743 63 88 460 117 274 -1 -1 -1 0 
745 63 115 471 87 271 -1 -1 -1 0 
749 63 98 464 98 291 -1 -1 -1 0 
751 63 83 472 120 299 -1 -1 -1 0 
752 63 71 470 131 298 -1 -1 -1 0 
753 63 81 477 135 288 -1 -1 -1 0 
754 63 81 479 138 290 -1 -1 -1 0 
758 63 94 470 124 307 -1 -1 -1 0 
759 63 100 464 131 317 -1 -1 -1 0 
760 63 122 468 113 330 -1 -1 -1 0 
761 63 100 448 134 340 -1 -1 -1 0 
761 67 908 373 124 294 -1 -1 -1 0 
762 63 108 460 124 328 -1 -1 -1 0 
763 63 103 468 143 328 -1 -1 -1 0 
764 63 106 466 146 333 -1 -1 -1 0 
765 68 917 402 88 281 -1 -1 -1 0 
766 63 134 456 155 348 -1 -1 -1 0 
766 68 865 394 135 295 -1 -1 -1 0 
767 63 122 442 163 355 -1 -1 -1 0 
767 68 867 379 137 306 -1 -1 -1 0 
768 63 108 436 203 372 -1 -1 -1 0 
768 68 855 367 162 318 -1 -1 -1 0 
769 63 109 432 212 379 -1 -1 -1 0 
770 63 133 451 170 356 -1 -1 -1 0 
770 68 830 385 154 318 -1 -1 -1 0 
771 63 163 434 123 371 -1 -1 -1 0 
771 68 836 400 155 305 -1 -1 -1 0 
772 63 169 425 124 382 -1 -1 -1 0 
772 68 841 379 154 325 -1 -1 -1 0 
773 63 191 421 114 389 -1 -1 -1 0 
773 68 834 371 171 328 -1 -1 -1 0 
774 63 204 418 118 395 -1 -1 -1 0 
774 68 850 361 149 336 -1 -1 -1 0 
775 63 219 431 113 387 -1 -1 -1 0 
775 68 850 381 126 339 -1 -1 -1 0 
776 63 246 424 120 393 -1 -1 -1 0 
776 68 865 383 113 334 -1 -1 -1 0 
777 63 243 415 139 405 -1 -1 -1 0 
777 68 836 372 145 349 -1 -1 -1 0 
778 63 244 417 180 414 -1 -1 -1 0 
778 68 861 371 127 352 -1 -1 -1 0 
779 63 243 414 181 420 -1 -1 -1 0 
779 68 859 378 126 346 -1 -1 -1 0 
780 63 253 420 214 413 -1 -1 -1 0 
780 68 864 374 140 357 -1 -1 -1 0 
781 63 271 432 219 404 -1 -1 -1 0 
781 68 859 386 142 358 -1 -1 -1 0 
782 63 296 481 218 357 -1 -1 -1 0 
782 68 850 398 168 356 -1 -1 -1 0 
783 63 338 428 211 411 -1 -1 -1 0 
784 63 398 412 187 425 -1 -1 -1 0 
784 68 891 399 188 365 -1 -1 -1 0 
785 63 448 422 166 413 -1 -1 -1 0 
786 63 497 409 148 423 -1 -1 -1 0 
787 63 536 394 155 436 -1 -1 -1 0 
788 63 564 388 125 448 -1 -1 -1 0 
789 63 572 385 129 452 -1 -1 -1 0 
790 63 572 407 125 444 -1 -1 -1 0 
791 63 559 404 150 450 -1 -1 -1 0 
791 72 942 384 124 337 -1 -1 -1 0 
792 63 546 408 190 450 -1 -1 -1 0 
793 63 546 420 210 430 -1 -1 -1 0 
793 68 905 388 113 327 -1 -1 -1 0 
794 63 554 387 239 471 -1 -1 -1 0 
794 68 903 393 103 338 -1 -1 -1 0 
795 63 550 391 262 471 -1 -1 -1 0 
795 68 904 393 100 338 -1 -1 -1 0 
795 72 913 376 102 368 -1 -1 -1 0 
796 63 571 389 247 481 -1 -1 -1 0 
796 68 899 382 112 354 -1 -1 -1 0 
796 72 902 373 103 372 -1 -1 -1 0 
797 63 587 383 247 490 -1 -1 -1 0 
797 68 874 371 144 384 -1 -1 -1 0 
797 73 1001 335 78 411 -1 -1 -1 0 
798 63 619 373 221 498 -1 -1 -1 0 
798 68 857 380 150 370 -1 -1 -1 0 
798 73 990 329 89 416 -1 -1 -1 0 
799 63 638 363 205 504 -1 -1 -1 0 
799 68 827 377 174 366 -1 -1 -1 0 
799 73 954 328 123 408 -1 -1 -1 0 
800 63 640 336 192 528 -1 -1 -1 0 
800 68 817 359 181 362 -1 -1 -1 0 
800 73 939 303 132 419 -1 -1 -1 0 
801 63 644 340 156 522 -1 -1 -1 0 
801 68 778 365 129 377 -1 -1 -1 0 
801 73 883 325 148 398 -1 -1 -1 0 
802 63 686 323 156 535 -1 -1 -1 0 
802 68 799 344 164 384 -1 -1 -1 0 
802 73 884 293 148 420 -1 -1 -1 0 
803 63 715 351 162 520 -1 -1 -1 0 
803 68 790 339 171 388 -1 -1 -1 0 
805 63 823 359 211 549 -1 -1 -1 0 
806 63 874 365 205 544 -1 -1 -1 0 
807 63 893 375 186 538 -1 -1 -1 0 
808 63 887 380 192 530 -1 -1 -1 0 
809 63 902 382 177 532 -1 -1 -1 0 
810 63 894 352 183 555 -1 -1 -1 0 
810 68 912 356 119 418 -1 -1 -1 0 
811 63 889 355 190 553 -1 -1 -1 0 
811 68 872 375 111 411 -1 -1 -1 0 
812 63 917 326 151 452 -1 -1 -1 0 
812 68 853 375 115 397 -1 -1 -1 0 
813 63 940 396 139 490 -1 -1 -1 0 
813 68 823 374 126 400 -1 -1 -1 0 
813 73 909 314 143 399 -1 -1 -1 0 
814 63 959 401 120 490 -1 -1 -1 0 
814 68 818 375 128 401 -1 -1 -1 0 
814 72 776 382 160 407 -1 -1 -1 0 
815 63 978 407 101 490 -1 -1 -1 0 
815 68 798 374 122 398 -1 -1 -1 0 
816 68 771 374 143 398 -1 -1 -1 0 
816 73 874 322 171 443 -1 -1 -1 0 
817 68 718 373 213 407 -1 -1 -1 0 
817 73 863 328 183 439 -1 -1 -1 0 
818 68 748 370 143 400 -1 -1 -1 0 
818 73 845 322 181 447 -1 -1 -1 0 
819 68 678 384 225 403 -1 -1 -1 0 
819 73 774 319 234 450 -1 -1 -1 0 
820 68 665 378 142 404 -1 -1 -1 0 
820 73 758 310 212 455 -1 -1 -1 0 
821 68 642 379 147 405 -1 -1 -1 0 
821 73 751 300 175 458 -1 -1 -1 0 
822 68 623 365 145 414 -1 -1 -1 0 
822 73 728 295 127 458 -1 -1 -1 0 
823 68 616 373 134 413 -1 -1 -1 0 
823 73 708 294 155 461 -1 -1 -1 0 
824 68 595 365 108 418 -1 -1 -1 0 
824 73 704 291 123 470 -1 -1 -1 0 
825 68 579 371 146 413 -1 -1 -1 0 
825 73 686 318 123 440 -1 -1 -1 0 
826 68 572 371 125 409 -1 -1 -1 0 
826 73 677 302 115 447 -1 -1 -1 0 
827 68 554 369 128 407 -1 -1 -1 0 
827 73 662 313 114 439 -1 -1 -1 0 
828 68 539 367 135 413 -1 -1 -1 0 
828 73 652 312 128 443 -1 -1 -1 0 
829 68 532 371 144 414 -1 -1 -1 0 
829 73 651 335 127 412 -1 -1 -1 0 
830 68 515 372 155 415 -1 -1 -1 0 
830 73 631 321 143 428 -1 -1 -1 0 
831 68 495 376 181 413 -1 -1 -1 0 
831 73 616 317 161 429 -1 -1 -1 0 
832 68 479 381 199 407 -1 -1 -1 0 
832 73 610 320 168 433 -1 -1 -1 0 
833 68 477 384 203 406 -1 -1 -1 0 
833 73 611 324 169 436 -1 -1 -1 0 
834 68 472 386 210 406 -1 -1 -1 0 
834 73 561 324 228 457 -1 -1 -1 0 
835 68 469 386 209 408 -1 -1 -1 0 
835 73 568 326 213 459 -1 -1 -1 0 
836 68 473 388 199 410 -1 -1 -1 0 
836 73 575 326 195 450 -1 -1 -1 0 
837 68 443 393 219 407 -1 -1 -1 0 
837 73 576 332 183 443 -1 -1 -1 0 
838 68 433 391 213 407 -1 -1 -1 0 
838 73 571 333 170 443 -1 -1 -1 0 
839 68 429 390 203 410 -1 -1 -1 0 
839 73 567 332 154 438 -1 -1 -1 0 
840 68 427 389 171 410 -1 -1 -1 0 
840 73 560 336 136 429 -1 -1 -1 0 
840 80 394 504 14 35 -1 -1 -1 0 
841 68 425 389 144 406 -1 -1 -1 0 
841 73 545 332 125 431 -1 -1 -1 0 
842 68 424 390 129 407 -1 -1 -1 0 
842 73 532 333 111 433 -1 -1 -1 0 
843 68 426 388 106 410 -1 -1 -1 0 
843 73 521 335 107 440 -1 -1 -1 0 
844 68 425 388 108 411 -1 -1 -1 0 
844 73 506 336 123 431 -1 -1 -1 0 
845 68 409 389 126 415 -1 -1 -1 0 
845 73 496 338 137 436 -1 -1 -1 0 
846 68 384 396 149 411 -1 -1 -1 0 
846 73 469 341 166 435 -1 -1 -1 0 
846 82 333 492 37 68 -1 -1 -1 0 
847 68 360 401 172 404 -1 -1 -1 0 
847 73 433 344 199 447 -1 -1 -1 0 
847 82 350 488 33 68 -1 -1 -1 0 
848 68 347 402 187 403 -1 -1 -1 0 
848 73 420 349 210 437 -1 -1 -1 0 
849 68 343 403 191 405 -1 -1 -1 0 
849 73 416 352 214 434 -1 -1 -1 0 
850 68 342 408 189 402 -1 -1 -1 0 
850 73 417 357 214 429 -1 -1 -1 0 
851 68 345 409 183 401 -1 -1 -1 0 
851 73 419 358 207 422 -1 -1 -1 0 
852 68 345 410 178 398 -1 -1 -1 0 
852 73 413 356 205 428 -1 -1 -1 0 
853 68 343 409 161 399 -1 -1 -1 0 
853 73 404 354 198 438 -1 -1 -1 0 
854 68 334 409 154 400 -1 -1 -1 0 
854 73 399 354 187 425 -1 -1 -1 0 
855 68 323 409 146 400 -1 -1 -1 0 
855 73 395 356 172 415 -1 -1 -1 0 
856 68 300 408 154 400 -1 -1 -1 0 
856 73 383 354 163 426 -1 -1 -1 0 
