3 1 394 481 30 79 -1 -1 -1 0 
3 2 527 487 15 49 -1 -1 -1 0 
4 1 397 484 30 77 -1 -1 -1 0 
5 1 401 478 31 82 -1 -1 -1 0 
6 1 402 483 33 77 -1 -1 -1 0 
7 1 413 496 22 65 -1 -1 -1 0 
8 1 408 490 28 69 -1 -1 -1 0 
9 1 407 489 28 70 -1 -1 -1 0 
9 2 533 486 17 51 -1 -1 -1 0 
10 1 403 490 27 72 -1 -1 -1 0 
11 1 400 487 29 74 -1 -1 -1 0 
11 2 526 485 16 51 -1 -1 -1 0 
12 1 396 487 31 75 -1 -1 -1 0 
13 1 395 487 28 73 -1 -1 -1 0 
14 1 395 487 27 74 -1 -1 -1 0 
14 2 515 486 18 50 -1 -1 -1 0 
15 1 396 487 30 74 -1 -1 -1 0 
16 1 399 486 28 74 -1 -1 -1 0 
17 1 400 487 29 74 -1 -1 -1 0 
18 1 400 488 28 72 -1 -1 -1 0 
19 1 402 488 27 73 -1 -1 -1 0 
20 1 404 488 28 74 -1 -1 -1 0 
21 1 404 487 29 75 -1 -1 -1 0 
22 1 403 486 30 76 -1 -1 -1 0 
23 1 403 486 30 76 -1 -1 -1 0 
24 1 398 486 31 74 -1 -1 -1 0 
25 1 396 488 30 72 -1 -1 -1 0 
26 1 392 488 33 73 -1 -1 -1 0 
27 1 393 487 33 72 -1 -1 -1 0 
28 1 392 487 33 74 -1 -1 -1 0 
29 1 391 487 30 75 -1 -1 -1 0 
30 1 391 485 30 77 -1 -1 -1 0 
31 1 391 485 30 77 -1 -1 -1 0 
32 1 390 486 28 77 -1 -1 -1 0 
33 1 385 487 29 75 -1 -1 -1 0 
34 1 384 487 28 75 -1 -1 -1 0 
35 1 380 487 27 75 -1 -1 -1 0 
36 1 371 486 32 73 -1 -1 -1 0 
37 1 362 484 31 73 -1 -1 -1 0 
38 1 350 482 33 74 -1 -1 -1 0 
39 1 335 482 35 74 -1 -1 -1 0 
40 1 326 485 33 73 -1 -1 -1 0 
41 1 321 484 30 74 -1 -1 -1 0 
42 1 320 485 32 76 -1 -1 -1 0 
43 1 321 486 31 73 -1 -1 -1 0 
44 1 324 487 27 73 -1 -1 -1 0 
45 1 320 496 34 69 -1 -1 -1 0 
46 1 315 486 31 69 -1 -1 -1 0 
47 1 319 494 32 71 -1 -1 -1 0 
48 1 327 509 30 68 -1 -1 -1 0 
49 1 346 514 26 69 -1 -1 -1 0 
50 1 345 516 31 73 -1 -1 -1 0 
52 1 345 518 32 74 -1 -1 -1 0 
55 1 319 533 27 68 -1 -1 -1 0 
56 1 319 522 27 69 -1 -1 -1 0 
66 1 320 520 26 69 -1 -1 -1 0 
81 1 308 539 22 68 -1 -1 -1 0 
87 1 309 538 21 66 -1 -1 -1 0 
96 1 265 516 25 68 -1 -1 -1 0 
98 1 257 511 26 69 -1 -1 -1 0 
114 1 475 520 24 70 -1 -1 -1 0 
117 7 482 519 24 72 -1 -1 -1 0 
127 1 332 558 34 77 -1 -1 -1 0 
128 1 328 557 33 76 -1 -1 -1 0 
130 1 312 556 29 71 -1 -1 -1 0 
132 1 303 556 28 68 -1 -1 -1 0 
134 1 339 558 29 76 -1 -1 -1 0 
135 1 332 560 29 78 -1 -1 -1 0 
137 1 347 535 32 80 -1 -1 -1 0 
138 1 352 533 28 77 -1 -1 -1 0 
139 1 349 542 32 79 -1 -1 -1 0 
140 1 357 546 29 80 -1 -1 -1 0 
141 1 351 549 29 78 -1 -1 -1 0 
143 1 343 557 26 73 -1 -1 -1 0 
144 1 343 544 27 77 -1 -1 -1 0 
146 1 336 558 27 76 -1 -1 -1 0 
148 1 339 542 27 75 -1 -1 -1 0 
152 1 333 518 29 90 -1 -1 -1 0 
153 1 331 515 30 91 -1 -1 -1 0 
156 1 336 523 32 84 -1 -1 -1 0 
157 1 343 531 30 87 -1 -1 -1 0 
158 1 338 521 33 89 -1 -1 -1 0 
159 1 365 540 31 79 -1 -1 -1 0 
160 1 385 544 29 77 -1 -1 -1 0 
163 1 390 545 29 76 -1 -1 -1 0 
165 1 410 524 31 86 -1 -1 -1 0 
166 1 403 511 33 90 -1 -1 -1 0 
167 1 420 530 30 82 -1 -1 -1 0 
170 1 408 523 31 84 -1 -1 -1 0 
178 1 412 522 31 85 -1 -1 -1 0 
180 1 285 518 30 89 -1 -1 -1 0 
181 1 285 511 37 98 -1 -1 -1 0 
182 1 281 489 31 117 -1 -1 -1 0 
183 1 274 528 34 83 -1 -1 -1 0 
184 1 265 521 42 96 -1 -1 -1 0 
186 1 248 534 43 95 -1 -1 -1 0 
187 1 239 527 37 94 -1 -1 -1 0 
188 1 217 523 41 101 -1 -1 -1 0 
189 1 205 518 44 102 -1 -1 -1 0 
191 1 205 520 52 100 -1 -1 -1 0 
192 1 196 520 53 100 -1 -1 -1 0 
194 1 181 493 44 114 -1 -1 -1 0 
196 1 169 495 49 115 -1 -1 -1 0 
197 1 183 513 42 111 -1 -1 -1 0 
197 51 277 508 43 115 -1 -1 -1 0 
198 1 175 496 47 113 -1 -1 -1 0 
198 51 273 503 45 110 -1 -1 -1 0 
199 1 178 506 43 111 -1 -1 -1 0 
199 51 271 510 43 105 -1 -1 -1 0 
200 1 181 515 47 109 -1 -1 -1 0 
200 51 274 514 44 114 -1 -1 -1 0 
202 1 178 486 48 111 -1 -1 -1 0 
202 51 285 491 40 111 -1 -1 -1 0 
203 1 174 483 50 112 -1 -1 -1 0 
203 51 286 489 40 111 -1 -1 -1 0 
204 1 192 481 49 114 -1 -1 -1 0 
204 51 286 482 43 113 -1 -1 -1 0 
205 1 208 489 45 112 -1 -1 -1 0 
205 51 296 488 47 123 -1 -1 -1 0 
206 1 232 503 53 113 -1 -1 -1 0 
206 51 299 486 47 126 -1 -1 -1 0 
208 1 235 504 54 114 -1 -1 -1 0 
210 1 290 486 53 116 -1 -1 -1 0 
211 1 311 487 50 118 -1 -1 -1 0 
211 51 387 484 57 134 -1 -1 -1 0 
212 1 324 509 48 116 -1 -1 -1 0 
212 51 397 503 54 133 -1 -1 -1 0 
213 1 324 505 44 117 -1 -1 -1 0 
213 51 391 501 58 135 -1 -1 -1 0 
214 1 321 508 42 117 -1 -1 -1 0 
214 51 385 503 55 113 -1 -1 -1 0 
214 60 225 521 27 65 -1 -1 -1 0 
215 1 308 495 46 116 -1 -1 -1 0 
215 51 371 486 51 127 -1 -1 -1 0 
215 60 226 519 26 62 -1 -1 -1 0 
216 1 298 490 46 117 -1 -1 -1 0 
216 51 354 469 56 155 -1 -1 -1 0 
216 60 202 510 25 68 -1 -1 -1 0 
217 31 286 515 45 92 -1 -1 -1 0 
217 45 301 490 47 116 -1 -1 -1 0 
218 31 290 515 45 91 -1 -1 -1 0 
218 1 276 507 45 125 -1 -1 -1 0 
218 51 331 500 55 151 -1 -1 -1 0 
219 1 267 516 52 116 -1 -1 -1 0 
219 51 326 494 59 149 -1 -1 -1 0 
221 1 267 518 52 116 -1 -1 -1 0 
222 51 286 481 55 142 -1 -1 -1 0 
223 51 277 476 63 151 -1 -1 -1 0 
224 1 252 494 42 130 -1 -1 -1 0 
224 51 289 479 60 164 -1 -1 -1 0 
226 1 250 483 38 139 -1 -1 -1 0 
226 51 283 473 67 154 -1 -1 -1 0 
228 1 253 519 36 125 -1 -1 -1 0 
228 51 279 494 59 172 -1 -1 -1 0 
228 60 170 542 28 75 -1 -1 -1 0 
229 1 246 496 42 142 -1 -1 -1 0 
229 51 274 492 59 165 -1 -1 -1 0 
230 1 244 496 42 144 -1 -1 -1 0 
231 51 243 505 82 171 -1 -1 -1 0 
232 51 241 487 74 184 -1 -1 -1 0 
233 51 241 500 78 181 -1 -1 -1 0 
234 51 227 474 83 189 -1 -1 -1 0 
235 51 232 492 78 188 -1 -1 -1 0 
236 51 231 488 93 202 -1 -1 -1 0 
237 51 233 472 87 204 -1 -1 -1 0 
238 51 225 459 95 220 -1 -1 -1 0 
239 51 232 462 96 216 -1 -1 -1 0 
240 51 213 472 95 221 -1 -1 -1 0 
241 51 202 473 100 223 -1 -1 -1 0 
242 51 189 468 102 235 -1 -1 -1 0 
243 1 265 499 53 150 -1 -1 -1 0 
243 51 163 459 111 253 -1 -1 -1 0 
244 1 256 502 64 147 -1 -1 -1 0 
244 51 142 458 114 266 -1 -1 -1 0 
245 1 256 503 65 146 -1 -1 -1 0 
246 1 258 509 61 143 -1 -1 -1 0 
246 51 100 467 141 279 -1 -1 -1 0 
247 1 240 510 58 147 -1 -1 -1 0 
247 51 72 451 138 313 -1 -1 -1 0 
248 1 222 496 60 158 -1 -1 -1 0 
248 51 35 442 143 313 -1 -1 -1 0 
249 1 218 495 61 160 -1 -1 -1 0 
250 51 0 437 138 386 -1 -1 -1 0 
251 51 0 430 108 370 -1 -1 -1 0 
252 51 0 437 90 433 -1 -1 -1 0 
252 79 230 521 56 132 -1 -1 -1 0 
253 1 229 492 56 165 -1 -1 -1 0 
253 51 0 520 61 308 -1 -1 -1 0 
253 79 236 524 52 124 -1 -1 -1 0 
254 1 213 482 70 164 -1 -1 -1 0 
254 51 0 525 43 314 -1 -1 -1 0 
255 1 231 508 49 162 -1 -1 -1 0 
256 1 209 507 62 155 -1 -1 -1 0 
257 1 217 504 59 174 -1 -1 -1 0 
258 1 217 513 52 174 -1 -1 -1 0 
258 81 179 534 38 116 -1 -1 -1 0 
259 1 207 507 58 176 -1 -1 -1 0 
260 1 170 492 89 175 -1 -1 -1 0 
261 1 163 490 94 178 -1 -1 -1 0 
267 83 169 486 77 185 -1 -1 -1 0 
269 1 152 482 84 186 -1 -1 -1 0 
270 1 156 477 72 189 -1 -1 -1 0 
271 1 165 486 84 173 -1 -1 -1 0 
272 1 157 472 83 200 -1 -1 -1 0 
273 1 155 470 80 214 -1 -1 -1 0 
274 1 159 468 87 205 -1 -1 -1 0 
275 1 173 478 85 195 -1 -1 -1 0 
276 1 162 456 94 218 -1 -1 -1 0 
277 1 173 463 86 186 -1 -1 -1 0 
278 1 163 457 91 206 -1 -1 -1 0 
279 1 157 448 92 218 -1 -1 -1 0 
280 1 171 484 98 193 -1 -1 -1 0 
281 1 163 474 94 197 -1 -1 -1 0 
282 1 159 474 98 197 -1 -1 -1 0 
283 1 136 470 132 220 -1 -1 -1 0 
284 1 139 452 99 226 -1 -1 -1 0 
286 1 108 463 122 250 -1 -1 -1 0 
287 1 103 453 94 231 -1 -1 -1 0 
288 1 98 490 110 220 -1 -1 -1 0 
289 1 96 495 102 220 -1 -1 -1 0 
290 1 87 475 94 237 -1 -1 -1 0 
291 1 44 472 105 219 -1 -1 -1 0 
292 1 30 476 107 228 -1 -1 -1 0 
293 1 10 443 112 238 -1 -1 -1 0 
294 1 0 457 137 254 -1 -1 -1 0 
295 1 4 448 84 267 -1 -1 -1 0 
296 1 0 446 78 273 -1 -1 -1 0 
297 1 0 452 81 257 -1 -1 -1 0 
298 1 0 428 65 255 -1 -1 -1 0 
298 94 92 479 81 159 -1 -1 -1 0 
299 1 0 424 56 258 -1 -1 -1 0 
301 94 85 513 91 161 -1 -1 -1 0 
302 94 59 493 88 171 -1 -1 -1 0 
304 94 49 490 72 179 -1 -1 -1 0 
305 94 50 483 86 191 -1 -1 -1 0 
306 94 52 489 67 189 -1 -1 -1 0 
307 94 27 484 70 190 -1 -1 -1 0 
308 94 21 496 81 178 -1 -1 -1 0 
309 94 12 475 70 201 -1 -1 -1 0 
310 94 1 471 65 210 -1 -1 -1 0 
311 94 0 477 58 217 -1 -1 -1 0 
313 94 0 486 54 209 -1 -1 -1 0 
314 94 0 468 67 222 -1 -1 -1 0 
315 94 0 463 79 234 -1 -1 -1 0 
316 94 0 460 79 241 -1 -1 -1 0 
318 94 0 446 125 246 -1 -1 -1 0 
319 94 13 427 89 247 -1 -1 -1 0 
320 94 2 442 112 238 -1 -1 -1 0 
321 94 9 450 121 255 -1 -1 -1 0 
322 94 12 447 97 261 -1 -1 -1 0 
324 94 13 442 88 277 -1 -1 -1 0 
325 94 25 453 96 287 -1 -1 -1 0 
326 94 31 446 102 308 -1 -1 -1 0 
326 101 239 478 52 137 -1 -1 -1 0 
327 94 39 458 91 297 -1 -1 -1 0 
327 101 236 479 45 131 -1 -1 -1 0 
328 94 22 444 111 317 -1 -1 -1 0 
328 101 240 493 47 147 -1 -1 -1 0 
329 94 20 437 110 330 -1 -1 -1 0 
329 101 233 484 48 153 -1 -1 -1 0 
329 105 142 481 49 142 -1 -1 -1 0 
330 94 4 417 139 358 -1 -1 -1 0 
330 101 241 493 48 151 -1 -1 -1 0 
330 105 136 478 50 143 -1 -1 -1 0 
331 94 13 447 124 341 -1 -1 -1 0 
331 101 242 494 43 147 -1 -1 -1 0 
331 105 161 507 45 128 -1 -1 -1 0 
332 94 5 455 137 332 -1 -1 -1 0 
332 101 217 481 50 164 -1 -1 -1 0 
333 94 5 442 119 351 -1 -1 -1 0 
333 101 197 478 54 163 -1 -1 -1 0 
334 94 8 472 101 331 -1 -1 -1 0 
334 101 191 484 47 161 -1 -1 -1 0 
335 94 0 474 117 353 -1 -1 -1 0 
335 101 166 477 51 153 -1 -1 -1 0 
337 94 4 627 99 237 -1 -1 -1 0 
337 101 135 493 57 164 -1 -1 -1 0 
338 94 3 645 99 231 -1 -1 -1 0 
338 101 114 484 64 173 -1 -1 -1 0 
339 101 99 483 66 178 -1 -1 -1 0 
340 101 67 474 62 171 -1 -1 -1 0 
340 105 1 487 46 166 -1 -1 -1 0 
341 101 56 490 63 184 -1 -1 -1 0 
342 101 40 490 64 189 -1 -1 -1 0 
378 118 272 487 41 93 -1 -1 -1 0 
381 118 264 478 43 94 -1 -1 -1 0 
382 105 314 482 25 65 -1 -1 -1 0 
382 118 263 480 42 97 -1 -1 -1 0 
383 105 323 480 23 62 -1 -1 -1 0 
383 118 255 477 44 97 -1 -1 -1 0 
385 118 259 489 43 97 -1 -1 -1 0 
385 122 193 489 47 111 -1 -1 -1 0 
386 118 260 498 42 98 -1 -1 -1 0 
386 122 189 483 49 126 -1 -1 -1 0 
387 118 257 499 44 100 -1 -1 -1 0 
388 118 256 489 37 96 -1 -1 -1 0 
388 122 183 482 46 115 -1 -1 -1 0 
389 118 254 489 36 96 -1 -1 -1 0 
390 122 183 478 37 115 -1 -1 -1 0 
392 118 252 469 43 98 -1 -1 -1 0 
392 122 177 450 37 129 -1 -1 -1 0 
393 118 261 481 44 106 -1 -1 -1 0 
393 122 183 487 37 116 -1 -1 -1 0 
394 118 260 483 46 106 -1 -1 -1 0 
394 122 181 480 37 124 -1 -1 -1 0 
398 118 246 492 39 100 -1 -1 -1 0 
400 118 242 497 38 101 -1 -1 -1 0 
401 118 230 500 36 105 -1 -1 -1 0 
402 118 236 511 37 106 -1 -1 -1 0 
402 126 133 511 48 129 -1 -1 -1 0 
407 118 234 514 37 107 -1 -1 -1 0 
408 118 194 499 43 109 -1 -1 -1 0 
410 118 190 494 44 119 -1 -1 -1 0 
412 118 179 510 45 107 -1 -1 -1 0 
413 118 183 500 46 121 -1 -1 -1 0 
414 118 183 511 49 115 -1 -1 -1 0 
418 118 160 515 49 125 -1 -1 -1 0 
419 118 152 509 58 127 -1 -1 -1 0 
420 118 142 510 64 125 -1 -1 -1 0 
424 118 140 495 62 134 -1 -1 -1 0 
426 118 136 504 59 136 -1 -1 -1 0 
427 118 121 508 61 130 -1 -1 -1 0 
429 118 111 498 62 142 -1 -1 -1 0 
439 118 102 497 64 146 -1 -1 -1 0 
451 133 87 482 51 100 -1 -1 -1 0 
452 133 95 469 48 117 -1 -1 -1 0 
459 118 1 486 75 176 -1 -1 -1 0 
462 118 0 486 60 178 -1 -1 -1 0 
468 118 0 485 49 181 -1 -1 -1 0 
639 150 128 513 129 164 -1 -1 -1 0 
640 150 127 517 123 169 -1 -1 -1 0 
642 150 98 512 133 189 -1 -1 -1 0 
645 150 63 531 147 205 -1 -1 -1 0 
648 150 36 542 150 199 -1 -1 -1 0 
649 150 20 517 154 216 -1 -1 -1 0 
652 150 5 519 121 249 -1 -1 -1 0 
655 150 0 522 105 259 -1 -1 -1 0 
715 161 224 477 60 179 -1 -1 -1 0 
716 161 225 480 58 172 -1 -1 -1 0 
717 161 231 495 49 141 -1 -1 -1 0 
717 162 606 463 76 117 -1 -1 -1 0 
721 161 230 497 47 136 -1 -1 -1 0 
724 162 622 444 68 155 -1 -1 -1 0 
727 162 625 439 72 166 -1 -1 -1 0 
730 161 95 452 78 229 -1 -1 -1 0 
732 161 81 471 92 224 -1 -1 -1 0 
733 161 83 473 90 228 -1 -1 -1 0 
733 162 617 451 76 100 -1 -1 -1 0 
733 168 577 474 53 106 -1 -1 -1 0 
734 161 67 474 95 240 -1 -1 -1 0 
735 161 50 471 103 245 -1 -1 -1 0 
735 168 581 461 51 123 -1 -1 -1 0 
736 161 46 462 97 255 -1 -1 -1 0 
736 168 578 460 52 135 -1 -1 -1 0 
737 161 31 461 101 261 -1 -1 -1 0 
737 168 574 470 57 127 -1 -1 -1 0 
738 161 20 462 106 253 -1 -1 -1 0 
738 162 630 436 70 105 -1 -1 -1 0 
738 168 576 446 53 145 -1 -1 -1 0 
739 161 6 460 98 254 -1 -1 -1 0 
739 162 651 447 47 102 -1 -1 -1 0 
739 168 576 458 56 147 -1 -1 -1 0 
740 161 1 454 80 268 -1 -1 -1 0 
740 162 655 447 45 102 -1 -1 -1 0 
741 161 0 459 62 268 -1 -1 -1 0 
741 168 563 440 62 148 -1 -1 -1 0 
742 161 0 458 49 275 -1 -1 -1 0 
742 168 558 445 53 152 -1 -1 -1 0 
743 162 615 448 64 104 -1 -1 -1 0 
743 168 547 456 61 140 -1 -1 -1 0 
744 162 613 448 66 105 -1 -1 -1 0 
744 168 561 455 49 154 -1 -1 -1 0 
745 162 594 447 115 199 -1 -1 -1 0 
745 168 569 452 64 115 -1 -1 -1 0 
746 162 592 447 119 202 -1 -1 -1 0 
746 167 617 444 83 113 -1 -1 -1 0 
746 168 564 458 53 161 -1 -1 -1 0 
746 184 921 452 56 98 -1 -1 -1 0 
747 167 630 441 72 111 -1 -1 -1 0 
747 168 563 453 56 165 -1 -1 -1 0 
747 184 928 452 53 93 -1 -1 -1 0 
748 167 627 438 77 114 -1 -1 -1 0 
748 168 561 452 60 170 -1 -1 -1 0 
750 167 621 445 85 116 -1 -1 -1 0 
750 188 912 453 63 138 -1 -1 -1 0 
752 167 620 444 89 119 -1 -1 -1 0 
752 168 562 444 58 175 -1 -1 -1 0 
752 188 911 468 55 139 -1 -1 -1 0 
753 167 624 441 90 119 -1 -1 -1 0 
753 168 560 442 61 180 -1 -1 -1 0 
753 188 926 452 49 146 -1 -1 -1 0 
753 191 1031 446 46 146 -1 -1 -1 0 
754 162 624 441 92 119 -1 -1 -1 0 
755 162 657 417 59 130 -1 -1 -1 0 
755 168 565 445 59 186 -1 -1 -1 0 
755 188 923 447 59 134 -1 -1 -1 0 
756 167 655 420 65 132 -1 -1 -1 0 
756 168 564 439 62 168 -1 -1 -1 0 
756 188 907 469 59 136 -1 -1 -1 0 
757 167 644 433 80 133 -1 -1 -1 0 
757 168 571 457 62 157 -1 -1 -1 0 
757 188 921 465 68 102 -1 -1 -1 0 
757 195 1039 472 40 140 -1 -1 -1 0 
758 167 646 428 87 124 -1 -1 -1 0 
758 168 571 458 64 158 -1 -1 -1 0 
758 188 939 466 51 141 -1 -1 -1 0 
759 167 674 434 65 121 -1 -1 -1 0 
759 188 935 474 54 139 -1 -1 -1 0 
759 191 1032 478 47 150 -1 -1 -1 0 
760 167 671 439 77 121 -1 -1 -1 0 
760 168 589 450 103 175 -1 -1 -1 0 
761 167 686 430 76 123 -1 -1 -1 0 
761 168 596 455 64 207 -1 -1 -1 0 
762 167 693 423 85 139 -1 -1 -1 0 
762 168 606 439 72 208 -1 -1 -1 0 
762 188 959 471 59 149 -1 -1 -1 0 
763 167 700 438 81 132 -1 -1 -1 0 
763 168 596 450 83 223 -1 -1 -1 0 
763 188 963 472 61 152 -1 -1 -1 0 
764 167 734 418 66 125 -1 -1 -1 0 
764 168 596 450 90 230 -1 -1 -1 0 
764 188 991 467 61 148 -1 -1 -1 0 
765 167 724 414 80 149 -1 -1 -1 0 
765 188 1000 462 59 113 -1 -1 -1 0 
766 167 750 408 79 161 -1 -1 -1 0 
766 184 993 474 63 114 -1 -1 -1 0 
767 167 757 406 82 164 -1 -1 -1 0 
767 184 996 475 65 116 -1 -1 -1 0 
768 167 765 408 82 163 -1 -1 -1 0 
768 168 650 441 78 242 -1 -1 -1 0 
769 167 779 393 85 175 -1 -1 -1 0 
769 168 655 441 82 246 -1 -1 -1 0 
771 162 787 424 82 228 -1 -1 -1 0 
771 167 787 389 87 180 -1 -1 -1 0 
771 168 675 461 78 186 -1 -1 -1 0 
773 162 796 423 81 229 -1 -1 -1 0 
773 167 816 370 109 182 -1 -1 -1 0 
774 167 784 435 90 170 -1 -1 -1 0 
774 168 661 456 79 273 -1 -1 -1 0 
775 167 797 421 92 170 -1 -1 -1 0 
775 168 658 450 99 280 -1 -1 -1 0 
776 167 810 413 90 175 -1 -1 -1 0 
776 168 658 449 110 290 -1 -1 -1 0 
776 211 757 430 69 134 -1 -1 -1 0 
777 167 836 375 101 185 -1 -1 -1 0 
777 211 766 423 68 132 -1 -1 -1 0 
778 167 820 381 98 172 -1 -1 -1 0 
778 168 677 408 95 303 -1 -1 -1 0 
778 211 760 402 78 151 -1 -1 -1 0 
779 167 801 381 92 171 -1 -1 -1 0 
779 168 659 408 103 306 -1 -1 -1 0 
779 211 743 395 73 159 -1 -1 -1 0 
780 167 798 371 110 197 -1 -1 -1 0 
780 168 644 409 95 331 -1 -1 -1 0 
780 211 742 385 74 165 -1 -1 -1 0 
781 167 800 388 116 181 -1 -1 -1 0 
781 168 653 405 164 317 -1 -1 -1 0 
782 167 824 392 111 177 -1 -1 -1 0 
782 168 671 399 100 336 -1 -1 -1 0 
782 211 755 394 87 173 -1 -1 -1 0 
783 167 844 378 117 190 -1 -1 -1 0 
783 168 673 401 114 185 -1 -1 -1 0 
783 211 772 403 89 173 -1 -1 -1 0 
785 167 903 332 132 232 -1 -1 -1 0 
786 167 892 365 156 248 -1 -1 -1 0 
787 167 940 338 139 250 -1 -1 -1 0 
788 167 953 334 126 257 -1 -1 -1 0 
794 223 877 374 168 455 -1 -1 -1 0 
795 223 880 358 149 476 -1 -1 -1 0 
796 223 868 315 208 507 -1 -1 -1 0 
797 223 856 311 148 514 -1 -1 -1 0 
798 223 843 313 170 524 -1 -1 -1 0 
798 227 342 468 73 155 -1 -1 -1 0 
799 223 838 337 169 534 -1 -1 -1 0 
799 227 337 475 62 182 -1 -1 -1 0 
800 223 852 322 172 556 -1 -1 -1 0 
800 227 328 486 66 159 -1 -1 -1 0 
801 223 848 317 178 577 -1 -1 -1 0 
802 223 881 298 189 609 -1 -1 -1 0 
803 223 875 252 200 659 -1 -1 -1 0 
803 227 275 452 75 204 -1 -1 -1 0 
804 223 879 280 197 633 -1 -1 -1 0 
804 227 260 476 76 199 -1 -1 -1 0 
805 223 887 255 190 693 -1 -1 -1 0 
805 227 240 461 77 208 -1 -1 -1 0 
806 223 898 236 181 726 -1 -1 -1 0 
807 223 924 236 155 739 -1 -1 -1 0 
807 227 230 456 79 216 -1 -1 -1 0 
808 223 956 313 123 694 -1 -1 -1 0 
808 227 215 439 83 227 -1 -1 -1 0 
809 223 963 330 116 711 -1 -1 -1 0 
809 227 216 451 86 227 -1 -1 -1 0 
810 223 980 363 99 720 -1 -1 -1 0 
810 227 221 463 89 234 -1 -1 -1 0 
811 223 991 368 88 737 -1 -1 -1 0 
812 227 233 449 92 247 -1 -1 -1 0 
813 227 222 404 95 276 -1 -1 -1 0 
814 227 233 441 95 272 -1 -1 -1 0 
815 227 225 436 102 271 -1 -1 -1 0 
816 227 221 425 104 287 -1 -1 -1 0 
817 227 202 394 116 325 -1 -1 -1 0 
818 227 193 422 119 318 -1 -1 -1 0 
819 227 162 413 130 337 -1 -1 -1 0 
820 227 137 393 117 366 -1 -1 -1 0 
821 227 125 389 120 378 -1 -1 -1 0 
822 227 86 410 142 386 -1 -1 -1 0 
823 227 40 401 161 401 -1 -1 -1 0 
824 227 15 392 155 440 -1 -1 -1 0 
825 227 0 402 153 449 -1 -1 -1 0 
826 227 1 380 107 477 -1 -1 -1 0 
827 227 0 451 84 447 -1 -1 -1 0 
828 227 0 455 63 459 -1 -1 -1 0 
843 240 156 535 41 114 -1 -1 -1 0 
844 240 138 530 45 119 -1 -1 -1 0 
846 240 136 546 45 114 -1 -1 -1 0 
847 240 135 545 54 125 -1 -1 -1 0 
851 240 138 543 58 129 -1 -1 -1 0 
852 240 137 542 60 132 -1 -1 -1 0 
856 240 114 556 47 132 -1 -1 -1 0 
857 240 98 535 55 137 -1 -1 -1 0 
858 240 97 519 55 139 -1 -1 -1 0 
859 240 97 536 55 135 -1 -1 -1 0 
860 240 97 531 51 135 -1 -1 -1 0 
861 240 103 525 65 136 -1 -1 -1 0 
862 240 113 538 52 136 -1 -1 -1 0 
863 240 112 511 59 149 -1 -1 -1 0 
864 240 119 510 62 148 -1 -1 -1 0 
866 240 136 497 65 149 -1 -1 -1 0 
870 240 166 516 57 151 -1 -1 -1 0 
871 240 160 519 55 150 -1 -1 -1 0 
872 240 153 508 73 147 -1 -1 -1 0 
873 240 130 510 85 150 -1 -1 -1 0 
874 240 156 514 60 153 -1 -1 -1 0 
875 240 148 513 52 155 -1 -1 -1 0 
878 240 143 508 64 166 -1 -1 -1 0 
880 240 154 527 61 163 -1 -1 -1 0 
881 240 128 500 69 174 -1 -1 -1 0 
883 240 114 510 72 173 -1 -1 -1 0 
884 240 95 513 79 171 -1 -1 -1 0 
885 240 86 502 72 177 -1 -1 -1 0 
886 240 82 507 78 169 -1 -1 -1 0 
887 240 78 515 77 171 -1 -1 -1 0 
888 240 60 503 75 177 -1 -1 -1 0 
889 240 52 518 87 178 -1 -1 -1 0 
890 240 43 514 94 179 -1 -1 -1 0 
891 240 29 499 92 195 -1 -1 -1 0 
892 240 28 527 95 188 -1 -1 -1 0 
893 240 26 515 90 184 -1 -1 -1 0 
894 240 20 505 82 186 -1 -1 -1 0 
895 240 13 504 84 187 -1 -1 -1 0 
899 248 8 504 49 182 -1 -1 -1 0 
900 248 9 508 47 178 -1 -1 -1 0 
917 254 1012 461 35 120 -1 -1 -1 0 
918 254 1012 452 37 126 -1 -1 -1 0 
920 254 993 443 41 131 -1 -1 -1 0 
922 254 981 445 50 136 -1 -1 -1 0 
924 254 992 441 39 137 -1 -1 -1 0 
925 254 996 462 39 128 -1 -1 -1 0 
928 254 994 460 40 131 -1 -1 -1 0 
931 254 1049 473 30 119 -1 -1 -1 0 
932 254 1049 469 30 110 -1 -1 -1 0 
934 254 1054 469 25 109 -1 -1 -1 0 
941 254 1001 425 43 123 -1 -1 -1 0 
942 254 981 441 45 133 -1 -1 -1 0 
943 254 988 448 40 124 -1 -1 -1 0 
944 254 988 445 54 122 -1 -1 -1 0 
945 254 999 437 52 115 -1 -1 -1 0 
946 254 998 435 53 115 -1 -1 -1 0 
947 254 988 476 40 114 -1 -1 -1 0 
948 254 992 461 39 112 -1 -1 -1 0 
951 254 1000 462 44 125 -1 -1 -1 0 
952 254 999 463 46 126 -1 -1 -1 0 
954 254 996 462 52 137 -1 -1 -1 0 
955 254 999 468 59 139 -1 -1 -1 0 
956 254 1007 463 52 135 -1 -1 -1 0 
959 254 1027 462 43 143 -1 -1 -1 0 
960 254 1015 478 57 133 -1 -1 -1 0 
961 254 1003 463 55 143 -1 -1 -1 0 
963 254 998 469 53 144 -1 -1 -1 0 
964 254 1014 459 47 129 -1 -1 -1 0 
965 254 1001 448 68 143 -1 -1 -1 0 
972 254 1031 458 48 135 -1 -1 -1 0 
974 254 1033 458 46 135 -1 -1 -1 0 
978 269 998 468 73 148 -1 -1 -1 0 
982 269 1008 479 68 146 -1 -1 -1 0 
985 269 997 469 80 132 -1 -1 -1 0 
986 269 987 470 72 142 -1 -1 -1 0 
988 269 946 448 85 151 -1 -1 -1 0 
989 269 953 459 68 147 -1 -1 -1 0 
990 269 940 477 77 137 -1 -1 -1 0 
991 269 951 468 63 151 -1 -1 -1 0 
992 269 929 462 84 147 -1 -1 -1 0 
993 269 921 465 82 149 -1 -1 -1 0 
994 269 923 459 96 156 -1 -1 -1 0 
995 269 916 477 79 152 -1 -1 -1 0 
996 269 927 455 75 164 -1 -1 -1 0 
997 269 920 466 88 167 -1 -1 -1 0 
998 269 917 480 89 164 -1 -1 -1 0 
999 269 933 488 82 154 -1 -1 -1 0 
1000 269 931 480 90 160 -1 -1 -1 0 
1001 269 924 452 112 185 -1 -1 -1 0 
1002 269 935 452 109 190 -1 -1 -1 0 
1003 269 948 484 90 171 -1 -1 -1 0 
1004 269 940 480 98 174 -1 -1 -1 0 
1005 269 960 467 106 190 -1 -1 -1 0 
1008 269 978 497 85 162 -1 -1 -1 0 
1009 269 982 494 80 164 -1 -1 -1 0 
1013 269 987 472 90 188 -1 -1 -1 0 
1014 269 972 492 106 186 -1 -1 -1 0 
1016 269 990 486 89 167 -1 -1 -1 0 
1019 269 993 487 86 168 -1 -1 -1 0 
1025 274 55 452 65 126 -1 -1 -1 0 
1026 269 972 470 106 189 -1 -1 -1 0 
1027 269 972 469 107 192 -1 -1 -1 0 
1028 269 992 472 87 186 -1 -1 -1 0 
1028 274 72 457 71 158 -1 -1 -1 0 
1029 269 994 471 85 188 -1 -1 -1 0 
1030 274 88 467 70 165 -1 -1 -1 0 
1031 274 97 467 68 169 -1 -1 -1 0 
1032 274 98 475 63 177 -1 -1 -1 0 
1034 274 86 456 70 193 -1 -1 -1 0 
1035 274 96 471 64 176 -1 -1 -1 0 
1036 274 85 458 67 179 -1 -1 -1 0 
1037 274 89 457 68 184 -1 -1 -1 0 
1039 276 61 465 68 191 -1 -1 -1 0 
1040 269 919 442 98 192 -1 -1 -1 0 
1040 276 42 456 74 192 -1 -1 -1 0 
1041 269 901 447 103 176 -1 -1 -1 0 
1042 269 895 445 103 176 -1 -1 -1 0 
1043 269 869 414 89 189 -1 -1 -1 0 
1043 276 1 438 81 206 -1 -1 -1 0 
1044 269 859 409 90 190 -1 -1 -1 0 
1045 276 0 453 72 197 -1 -1 -1 0 
1046 269 853 431 78 178 -1 -1 -1 0 
1046 276 0 473 73 185 -1 -1 -1 0 
1047 269 845 430 77 177 -1 -1 -1 0 
1048 269 829 432 100 176 -1 -1 -1 0 
1048 276 0 467 56 167 -1 -1 -1 0 
1049 269 817 437 91 184 -1 -1 -1 0 
1049 276 0 490 59 160 -1 -1 -1 0 
1050 269 807 432 98 179 -1 -1 -1 0 
1050 276 0 477 55 178 -1 -1 -1 0 
1051 269 798 431 99 179 -1 -1 -1 0 
1052 269 803 424 76 207 -1 -1 -1 0 
1060 269 794 422 77 211 -1 -1 -1 0 
1061 276 0 468 60 196 -1 -1 -1 0 
1062 276 0 485 58 189 -1 -1 -1 0 
1063 276 4 480 45 197 -1 -1 -1 0 
1071 276 4 483 44 198 -1 -1 -1 0 
1084 269 581 461 83 188 -1 -1 -1 0 
1085 269 567 471 78 174 -1 -1 -1 0 
1087 269 538 476 68 171 -1 -1 -1 0 
1088 269 524 466 84 157 -1 -1 -1 0 
1089 269 512 483 71 168 -1 -1 -1 0 
1091 269 494 482 87 168 -1 -1 -1 0 
1092 269 480 480 83 176 -1 -1 -1 0 
1093 269 460 483 83 174 -1 -1 -1 0 
1094 269 461 481 82 179 -1 -1 -1 0 
1096 269 435 475 81 179 -1 -1 -1 0 
1097 269 423 470 76 188 -1 -1 -1 0 
1098 269 406 475 84 185 -1 -1 -1 0 
1099 269 389 476 85 185 -1 -1 -1 0 
1100 269 371 469 80 188 -1 -1 -1 0 
1101 269 353 488 78 179 -1 -1 -1 0 
1105 269 337 490 78 179 -1 -1 -1 0 
1118 269 316 473 65 148 -1 -1 -1 0 
1119 269 308 473 64 145 -1 -1 -1 0 
1121 269 388 499 67 163 -1 -1 -1 0 
1122 269 403 487 65 176 -1 -1 -1 0 
1123 269 408 489 70 184 -1 -1 -1 0 
1127 269 479 455 66 194 -1 -1 -1 0 
1128 269 491 458 64 174 -1 -1 -1 0 
1129 269 502 467 58 182 -1 -1 -1 0 
1130 269 499 448 63 152 -1 -1 -1 0 
1131 269 496 442 58 149 -1 -1 -1 0 
1134 269 446 461 66 162 -1 -1 -1 0 
1136 269 446 449 66 166 -1 -1 -1 0 
1137 269 442 462 65 174 -1 -1 -1 0 
1138 269 450 448 64 188 -1 -1 -1 0 
1142 269 454 447 66 190 -1 -1 -1 0 
1143 269 457 449 62 161 -1 -1 -1 0 
1144 269 456 450 64 174 -1 -1 -1 0 
1145 269 473 458 61 171 -1 -1 -1 0 
1146 269 490 466 62 163 -1 -1 -1 0 
1147 269 495 454 62 165 -1 -1 -1 0 
1149 269 485 460 73 166 -1 -1 -1 0 
1150 269 492 455 57 166 -1 -1 -1 0 
1152 269 476 459 58 159 -1 -1 -1 0 
1154 269 484 458 58 161 -1 -1 -1 0 
1154 269 459 443 72 146 -1 -1 -1 0 
1155 269 462 439 66 151 -1 -1 -1 0 
1156 269 455 441 64 165 -1 -1 -1 0 
1157 269 443 440 66 157 -1 -1 -1 0 
1158 269 434 438 62 147 -1 -1 -1 0 
1159 269 438 436 61 145 -1 -1 -1 0 
1159 269 426 444 62 157 -1 -1 -1 0 
1160 269 430 462 59 149 -1 -1 -1 0 
1160 269 422 443 63 157 -1 -1 -1 0 
1161 269 426 456 70 150 -1 -1 -1 0 
1162 269 411 452 65 160 -1 -1 -1 0 
1163 269 407 461 56 160 -1 -1 -1 0 
1164 269 405 462 57 160 -1 -1 -1 0 
1164 269 403 476 61 154 -1 -1 -1 0 
1165 269 393 473 72 164 -1 -1 -1 0 
1166 269 390 474 75 167 -1 -1 -1 0 
1167 269 350 462 67 169 -1 -1 -1 0 
1167 269 367 461 69 162 -1 -1 -1 0 
1168 269 337 474 69 160 -1 -1 -1 0 
1169 269 324 473 75 158 -1 -1 -1 0 
1170 269 315 475 77 157 -1 -1 -1 0 
1170 269 309 471 65 139 -1 -1 -1 0 
1171 269 303 471 62 153 -1 -1 -1 0 
1172 269 308 491 63 137 -1 -1 -1 0 
1172 269 0 595 52 95 -1 -1 -1 0 
1173 269 314 467 59 167 -1 -1 -1 0 
1174 269 328 459 57 165 -1 -1 -1 0 
1175 269 354 457 60 176 -1 -1 -1 0 
1176 269 387 455 65 181 -1 -1 -1 0 
1177 269 427 454 62 183 -1 -1 -1 0 
1178 269 455 458 65 172 -1 -1 -1 0 
1179 269 470 456 64 190 -1 -1 -1 0 
1180 269 477 470 58 149 -1 -1 -1 0 
1181 269 478 463 62 145 -1 -1 -1 0 
1182 269 471 450 63 148 -1 -1 -1 0 
1183 269 451 466 65 163 -1 -1 -1 0 
1184 269 442 470 57 144 -1 -1 -1 0 
1185 269 430 464 60 163 -1 -1 -1 0 
1185 301 2 530 129 174 -1 -1 -1 0 
1186 269 418 457 65 167 -1 -1 -1 0 
1187 269 395 453 62 188 -1 -1 -1 0 
1188 269 367 478 62 160 -1 -1 -1 0 
1189 269 360 480 67 165 -1 -1 -1 0 
1190 269 363 473 60 159 -1 -1 -1 0 
1190 302 45 455 117 224 -1 -1 -1 0 
1191 269 364 462 65 180 -1 -1 -1 0 
1192 269 386 479 58 132 -1 -1 -1 0 
1193 269 398 483 63 150 -1 -1 -1 0 
1194 269 401 475 66 171 -1 -1 -1 0 
1195 269 403 460 62 147 -1 -1 -1 0 
1195 269 401 474 68 176 -1 -1 -1 0 
1196 269 407 459 62 146 -1 -1 -1 0 
1196 269 403 468 62 176 -1 -1 -1 0 
1197 269 414 465 62 168 -1 -1 -1 0 
1197 302 7 409 129 283 -1 -1 -1 0 
1198 269 430 469 62 167 -1 -1 -1 0 
1198 302 1 406 133 287 -1 -1 -1 0 
1199 269 440 465 64 168 -1 -1 -1 0 
1200 269 443 456 57 177 -1 -1 -1 0 
1202 269 462 461 57 183 -1 -1 -1 0 
1203 269 468 472 59 184 -1 -1 -1 0 
